20130515	00000	-999.00 	-999.00 	-999.00 	-999.00 	99.50 	329.60 	43.4	3.7	57.5	9.2	62.8	3.2	57.8	4	41.5	359.6	36	0.8	22.5	341.9	17.8	308.6	24	310.6	29.4	275.9	33.1	275	37.2	269.4	35	263.1	37.5	266.8	40.5	275.1	36.3	268.1	30.4	270.4	36.3	270	38.7	268.2	31.5	269.8																		-999.00 	-999.00 	-999.00 	-999.00 	
20130515	10000	-999.00 	-999.00 	-999.00 	-999.00 	97.40 	326.30 	37.8	346.7	46.2	358.9	33.4	21	18.1	13.7	16.5	31.9	4.8	16.9	7.5	273.1	17.9	268.4	22.2	264.6	22.1	279.9	27	267.5	29.2	262.9	27.9	261.4	32.5	269.5	28.6	273.2	30.2	274	28.2	269.8	23.1	267.3	24.1	268.8	25.2	267.5                       -999.00 	-999.00 	-999.00 	-999.00 	
20130515	20000	-999.00 	-999.00 	-999.00 	-999.00 	73.70 	326.80 	15.7	20.5	16.2	21.7	17.5	0.3	7.2	306.6	8.3	228.4	13.3	219.2	11.5	239.6	14.9	258.8	15.3	237	15.2	253.2	16.8	250.5	18.6	274.6	17.8	248.2	19.4	256	16.4	261.2	21	269.7	17.3	278	20.9	272.7	18.2	284.6	9.3	290.8                             -999.00 	-999.00 	-999.00 	-999.00 	
20130515	30000	-999.00 	-999.00 	-999.00 	-999.00 	41.30 	328.30 	6.7	140.4	23	166.9	16.4	176.2	9.6	205.2	8.2	233.4	6.3	187.3	9.6	169.2	6.9	200.3	12.7	245.8	11	274.2	15.2	247.6	13	255.8	12.1	243.4	12.6	257.2	10.4	268.9	12.7	267.3	14.2	249.8	14.9	255.6	13.5	251.4	12.3	239.3                               -999.00 	-999.00 	-999.00 	-999.00 	
20130515	40000	-999.00 	-999.00 	-999.00 	-999.00 	17.50 	314.30 	22.7	163.4	49.3	157.7	45.1	156.5	40.5	168.2	23.5	188.1	14.5	174.8	18.2	144.8	15.7	149.3	11.9	160.3	9.5	155.1	10.6	163.6	5.3	182.2	4.7	187.3	6.3	186.3	0.6	90	1.7	266.6	6.6	335	4.1	257.3	11.5	280	6.6	298.1                                     -999.00 	-999.00 	-999.00 	-999.00 	
20130515	50000	-999.00 	-999.00 	-999.00 	-999.00 	9.00 	305.10 	25.4	152	57.7	161.2	53.4	159.2	47.9	152.5	44.1	165.7	21.6	179.7	12.8	165.5	17.3	132.7	11.2	121.8	5.2	136.6	3.3	192.3	4.4	211.2	3.4	298.1	1.1	135	3.7	237.2	5.3	266.8	2.4	294.4	5.2	305.5	11	281.5	4.1	256                                           -999.00 	-999.00 	-999.00 	-999.00 	
20130515	60000	-999.00 	-999.00 	-999.00 	-999.00 	9.50 	330.50 	24.7	136.2	44.6	142.6	45.7	155.4	37.2	163.6	29.2	155.1	23.6	150.3	18.7	168.3	12.3	145.3	9.5	128.2	11.5	99.5	11.1	82.8	14.3	54.6	15.3	64.4	15.9	48.8	13.6	40.2	15.4	53.4	15.7	83.1	10	96.3	12	81.9	10.2	87.8                      -999.00 	-999.00 	-999.00 	-999.00 	
20130515	70000	-999.00 	-999.00 	-999.00 	-999.00 	30.00 	353.10 	13.9	97.4	32.2	165.6	34.6	180.7	24.9	165.8	11.9	153	2.2	21.8	8	26.6	12.2	9.9	9.1	23.2	5.6	16.5	2.2	182.6	3.9	163.4	4.5	136.8	2.9	159.7	8.2	104	9.2	69.6	3.7	287.4	1.3	318	1.6	71.6	5.1	80.9                                                    -999.00 	-999.00 	-999.00 	-999.00 	
20130515	80000	-999.00 	-999.00 	-999.00 	-999.00 	55.00 	358.40 	15.8	345	8.4	350.4	20.4	347.8	24.1	339.8	27.8	332.6	27.7	355.2	32.2	355.2	34.2	346.8	26.7	343.7	18.7	353.6	14.5	348.9	11.7	335.8	9	289.4	10.7	271.1	11	273.1	9.6	308.7	5.3	287.4	7.6	286.1	4.5	273.8	0.9	319.4                                 -999.00 	-999.00 	-999.00 	-999.00 	
20130515	90000	-999.00 	-999.00 	-999.00 	-999.00 	77.50 	351.70 	40.7	343.2	51.4	341.4	64.1	352.6	60.5	355.9	54.5	359.6	45.5	6.7	37.2	2.5	25.2	353.6	20.1	340.8	16.8	347.3	22	312.6	28.2	291.8	25.9	292	32.5	274.9	34.9	266.2	30	272.1	28.3	270.4	26.3	283.4	22.8	285.5	22.9	280.8                       -999.00 	-999.00 	-999.00 	-999.00 	
20130515	100000	-999.00 	-999.00 	108.50 	348.80 	61.60 	5.20 	58	359.9	79	359.8	89.9	355.1	94.5	354.1	79.7	356.3	64.7	2.5	50.4	353.6	40.4	346	33.6	343.2	27.1	325.8	23.6	315	26.7	280.8	34	277.6	33.1	271.4	35.9	270	28.2	278.8	32.3	271.4	27.9	269.2	28.7	275.4	28.3	286.8                               	-999.00 	-999.00 	-999.00 	-999.00 
20130515	110000	-999.00 	-999.00 	100.70 	346.90 	46.40 	9.40 	44.8	19.6	54.2	11.2	56.3	4.5	59.5	358.9	47	356.9	38.9	1.5	32.3	1.1	28.6	357.8	24.4	349.6	25.7	351.3	22.2	344.8	19.2	319.7	20.5	297.3	19.2	301.8	21.9	294.8	23.4	279.3	23.1	281	20.2	274.3	22.7	267	26.8	256.9                             	-999.00 	-999.00 	-999.00 	-999.00 
20130515	120000	-999.00 	-999.00 	112.20 	354.70 	56.30 	18.20 	47.7	23.1	36.2	21.4	23.5	34.2	22.3	33.5	27.3	24.5	24.2	9	17.6	353.8	15.3	336.5	21.2	323.2	17.1	321.4	19.2	315.2	24.1	288.9	23	298.9	22.8	280.9	30.1	280.9	32.6	278.1	30.2	274.6	31.2	270.2	33	277.7	33.7	289.8                       	-999.00 	-999.00 	-999.00 	-999.00 
20130515	130000	-999.00 	-999.00 	82.10 	9.20 	39.50 	45.70 	30.6	66.7	9.1	97	6.7	150.4	10.3	119.5	9.8	147.4	7.7	178.5	16	202.9	16.6	227.7	17.8	237.4	14.8	259.5	23.6	244.4	22.7	248.1	22	254.2	18.6	256.6	19.6	254.3	22.6	258.8	25.8	282.3	20.8	267.5	19.5	286.7	18.1	289.3                               	-999.00 	-999.00 	-999.00 	-999.00 
20130515	140000	-999.00 	-999.00 	27.80 	347.80 	3.70 	329.30 	20.3	163.7	29.2	157.2	38.8	143.7	32.2	141.4	25.4	146.8	21.6	163.3	27	167.8	21.9	164.9	22.3	175.6	20.9	164.8	22.4	186.1	17.1	198.8	13.6	200.2	7.8	227.1	13.1	255.4	15	243.1	10.8	271.1	12.5	277.4	13.5	264.5	9.2	283.9                         	-999.00 	-999.00 	-999.00 	-999.00 
20130515	150000	-999.00 	-999.00 	-999.00 	-999.00 	19.70 	147.00 	55	146.6	74.6	150.1	72.4	153.1	70.3	147.2	56.4	143.9	38	135.6	23.9	130.1	21.3	148	9.4	143.3	8.3	170.3	7.9	194.7	13.6	195.8	7.6	159.2	12.1	264.8	14.1	258.5	15.6	270.4	16.5	296.7	22.7	284	22.3	284.5	23.2	293.6                           	-999.00 	-999.00 	-999.00 	-999.00 
20130515	160000	-999.00 	-999.00 	-999.00 	-999.00 	34.80 	196.30 	67.7	166	92.3	167.2	82.6	162.5	81.1	154.9	75.5	153.7	81	159.8	87.5	165.6	83.8	170.7	78.5	173	70.6	176.8	57.7	168.1	43.5	163.4	35.5	157.6	30.4	148.3	27.6	130.9	25.2	133.1	18.6	125.6	19.2	88.5	22.4	79.4	20.1	60.1                  	-999.00 	-999.00 	-999.00 	-999.00 
20130515	170000	-999.00 	-999.00 	-999.00 	-999.00 	26.70 	178.50 	57.1	146.5	83.5	158.1	84	166.7	88.6	174.8	87.6	172.3	82.9	169.7	73.6	167.8	59.2	160.3	46	157.6	32.8	137.3	18	113.6	10.3	157.2	11.8	235.4	16.2	249.4	12.7	274.1	27.1	273.8	21.2	290.1	31.5	293.6	33.2	282.9	33.6	273.6                 	-999.00 	-999.00 	-999.00 	-999.00 
20130515	180000	-999.00 	-999.00 	-999.00 	-999.00 	-999.00 	-999.00 	61.7	161.4	81.1	153.7	99	163.3	101	166.7	99.5	173.9	97	173.3	101.2	179.8	98.7	177	91.3	172.8	74.2	166	66.8	164.4	51.6	168.3	42	175.5	31.3	181.8	21.9	191.3	8.4	213.3	13	280.2	18.5	290.6	25.6	308	29.8	283.4                         	-999.00 	-999.00 	-999.00 	-999.00 
20130515	190000	-999.00 	-999.00 	-999.00 	-999.00 	-999.00 	-999.00 	58	143.1	76.2	150.1	122.1	157.1	120.2	162.5	105	161.2	94.5	159.7	83.9	160.1	66.7	162.8	51.2	168.6	37	185.6	25.3	219.5	26.4	254.4	33.7	276.3	22.1	300.7	20.2	290.6	17	280.9	22.9	296.1	16.6	286.1	13.2	281.8	6.6	248.5                 	-999.00 	-999.00 	-999.00 	-999.00 
20130515	200000	-999.00 	-999.00 	-999.00 	-999.00 	-999.00 	-999.00 	38.1	155.5	76.6	148.8	104.5	157.2	106.3	163.9	84.8	162.3	68.2	155.5	44.4	157.7	18	150.4	5.9	42.3	18	12.5	16.5	14	3	304.2	6.9	261.6	5.1	279.1	6.6	259.5	6.6	289.5	8.7	310.3	9.5	19	3.7	12.5	7.3	296.9                                     	-999.00 	-999.00 	-999.00 	-999.00 
20130515	210000	-999.00 	-999.00 	-999.00 	-999.00 	-999.00 	-999.00 	15.5	169.2	62.9	156.9	66.4	166.5	48.5	159.1	31.8	147.5	15.9	81.3	30.4	37.7	29.3	33	28.9	26.7	25.7	4	14.4	316.1	5.1	285.9	6	236.6	3.9	0	2.7	324	2.8	257.5	4.9	88.8	7.9	43.5	3.9	124.5	7.1	113.3                                       	-999.00 	-999.00 	-999.00 	-999.00 
20130515	220000	-999.00 	-999.00 	-999.00 	-999.00 	-999.00 	-999.00 	9.2	351.9	21.9	67.2	36.6	47.5	54.8	33.5	48.7	18.1	52.2	4.2	51	2.6	49.5	358.1	47.9	11	35.3	12.9	25.8	350.4	22.4	297.9	13.9	268.8	4.4	268.7	1.4	351.9	2.7	272.1	3.8	146.7	1.1	164.7	4.2	105	8.2	76.6                                  	-999.00 	-999.00 	-999.00 	-999.00 
20130515	230000	-999.00 	-999.00 	-999.00 	-999.00 	102.60 	356.10 	57.9	15.2	44.3	8.6	60.5	357.9	72.3	350.4	75.8	351.1	76.8	358.4	71.6	5.3	49.7	359	35	345.1	20.6	295.9	19.4	284	1.8	0	6.4	48.8	5.4	78.3	3.9	98.8	8.4	81.1	10.2	86.1	12.1	86.7	8.7	73.2	8.1	83.7                                        	-999.00 	-999.00 	-999.00 	-999.00 
20130516	00000	-999.00 	-999.00 	-999.00 	-999.00 	135.70 	338.10 	54.8	339.5	46.4	354.1	52.9	1.2	54.9	355.3	61.3	358.1	62	355.3	59.3	1.1	46.9	5.9	33.8	3.2	26.6	357.4	16.3	359.3	10.9	343.6	3.4	280.3	5.6	281.3	3.4	261.6	5.3	274.3	7.7	306	10.7	229.2	8.1	262.9	11.1	270                                       -999.00 	-999.00 	-999.00 	-999.00 	
20130516	10000	-999.00 	-999.00 	-999.00 	-999.00 	115.40 	339.20 	50.7	344.6	42.5	2.3	42.2	9	29.2	23.2	31.9	23.3	31.6	30.6	28.3	22.4	20.1	8.3	24.3	356.7	22.7	333.6	30.2	321	27.5	306.4	29.4	287	36.2	279.2	38.9	276.1	43.2	281.3	36.5	274.2	38	273.6	39.5	269.1	29.4	273.3                           -999.00 	-999.00 	-999.00 	-999.00 	
20130516	20000	-999.00 	-999.00 	-999.00 	-999.00 	98.90 	347.70 	35.2	353.6	37.1	353.7	24.9	4.4	15.6	34.3	9.6	41.2	8.3	31.2	2.8	49.4	7.7	0	14.4	326.6	16.1	291.1	23.7	268.3	29	265.3	30.6	269.4	34.7	259.5	30.7	262.1	26.2	272.8	26.7	271.5	29.9	271.7	28.3	276.3	27.2	270.6                             -999.00 	-999.00 	-999.00 	-999.00 	
20130516	30000	-999.00 	-999.00 	-999.00 	-999.00 	73.50 	358.10 	16.9	23.7	8	64.1	8.2	346	5.7	273	5.7	199.4	13.7	218.8	14.7	228.8	14.3	247.8	15.7	261.9	22.3	257	20.4	244.4	22.8	247.6	19.4	269.7	19.1	259.4	17.8	263.9	12.4	261.7	12.7	257.3	17.4	260.1	15.6	269.3	11.4	277.1                             -999.00 	-999.00 	-999.00 	-999.00 	
20130516	40000	-999.00 	-999.00 	-999.00 	-999.00 	32.50 	8.30 	19.8	153.6	35.7	169.7	39.6	170.6	22.8	166.6	13.9	192.4	10.4	162.6	8.7	174.1	8.5	235.6	5.7	260.9	8.3	232.8	14.5	249.8	8.3	263.1	8.4	269.3	6.9	253.9	11.6	264.5	13.5	265.3	12.6	270	12.7	284.1	17	256.7	12.3	270.5                                 -999.00 	-999.00 	-999.00 	-999.00 	
20130516	50000	-999.00 	-999.00 	-999.00 	-999.00 	27.60 	16.90 	28.2	136.7	56.5	163.3	46.4	158.9	37	156.1	20.6	165.7	13.8	179.2	14.6	153.1	9.7	111.8	5.2	135	4.4	170.8	1.3	198.4	1.3	151.4	0.8	90	5	321.5	6.2	324.8	1.9	34.5	2	296.6	7.3	321.7	2	284.7	4.2	249                                                     -999.00 	-999.00 	-999.00 	-999.00 	
20130516	60000	-999.00 	-999.00 	-999.00 	-999.00 	30.30 	14.50 	16.5	121.1	51.4	158.4	43.6	151.8	43.4	152.4	27.2	174.9	12.2	197.1	15.6	143.9	7.8	165.1	7.2	149.9	3.8	102.2	5.9	56	4.6	52.1	4	145.1	1.6	284	6.8	26.2	2.5	163.7	5.4	127.5	2.1	311.2	1.6	132.5	4.1	0                                                 -999.00 	-999.00 	-999.00 	-999.00 	
20130516	70000	-999.00 	-999.00 	-999.00 	-999.00 	18.40 	57.40 	29.6	129	51.2	154.9	36.1	151.4	22	183.4	19.5	246.4	11.1	290.6	9	308.3	5.3	163.6	9.5	178.8	15	136.1	14.3	119.8	11.8	80.2	5.3	33.4	11.9	62.6	10.4	52.8	13.2	16.2	11.8	42.6	13.6	55.5	9.3	57.3	10.9	99.5                                -999.00 	-999.00 	-999.00 	-999.00 	
20130516	80000	-999.00 	-999.00 	-999.00 	-999.00 	31.90 	11.60 	18.1	124.2	31.1	163.8	20.3	174.3	15.2	209.1	6.8	235.8	11.3	341.4	16.9	337.7	8.4	317.9	2.3	66.8	3.9	76.7	4.2	83.2	6.5	2.6	2.9	324.7	4.7	318.5	2.8	353.9	2.7	338.2	1.8	315	2.4	347.7	7.8	52.3	9.9	73.6                                              -999.00 	-999.00 	-999.00 	-999.00 	
20130516	90000	-999.00 	-999.00 	-999.00 	-999.00 	44.10 	6.90 	8.7	49.2	7.7	50.8	12.6	333.6	25.9	325.4	34	336.1	39.1	352.8	33.8	358.5	29.8	7.5	24.8	11.2	14.3	356.4	12.1	327.1	12.3	321.9	13.4	276.9	13.7	264.1	13.5	253.2	12.6	257.2	10.9	272.1	9.8	305	1.6	137.5	5.7	139.9                               -999.00 	-999.00 	-999.00 	-999.00 	
20130516	100000	-999.00 	-999.00 	-999.00 	-999.00 	87.10 	357.20 	34.7	338.7	36	334	49.5	341.8	59.2	345.1	65.4	348.4	64.2	351.8	61.1	356.6	52.8	358.7	39.9	354.3	34.9	5.3	27.8	2.5	19.7	331.5	19.1	299.8	29.9	280.2	28.2	273.7	30.1	281.3	23.9	287.8	26	287.3	25.6	285.2	19.7	278.2                     	-999.00 	-999.00 	-999.00 	-999.00 
20130516	110000	-999.00 	-999.00 	105.80 	4.30 	61.40 	4.00 	58.7	359.2	65.5	352.4	62.6	352.1	51.5	355.8	47.7	355.4	38.5	355.7	30.5	348.1	22.2	337.5	18.2	307.6	21.2	286.7	24.8	258.6	24.1	262.1	32.7	266.9	29	258.9	30.1	265.2	30.9	269.3	28.2	272	29.6	274.8	24.3	280	25.6	274.9                         	-999.00 	-999.00 	-999.00 	-999.00 
20130516	120000	-999.00 	-999.00 	80.80 	12.60 	42.20 	16.80 	43.1	11.1	28.9	25.2	21.5	39.3	18.8	15.2	20.8	28.4	15.9	28.2	11.4	17.8	12	297.9	20.8	270.3	24	265.2	29.7	273.5	32.5	265.8	34.6	267.7	33.6	267.4	33.9	263.7	30.7	278.6	32	272.9	32.9	282.3	25.7	276.5	18.8	278.6                     	-999.00 	-999.00 	-999.00 	-999.00 
20130516	130000	-999.00 	-999.00 	57.80 	11.70 	18.30 	45.70 	14.4	74.7	18.2	17.6	18.7	13	14.8	29.5	12.7	20.7	9.4	4.3	15.6	16.8	19.8	0.3	16	344.4	24.9	308.8	28.9	299.7	34.3	283.7	38	280.6	37.1	276.5	38.6	275.6	34.8	270	38.7	280.3	34.3	274.5	31.5	275.8	31.4	280.1                             	-999.00 	-999.00 	-999.00 	-999.00 
20130516	140000	-999.00 	-999.00 	58.40 	32.00 	19.80 	62.30 	22.4	156.9	26	145	22.4	138.1	14.6	172.5	8.9	225	12.6	255.3	15.9	256.6	14	259.7	15.8	254.6	18.6	265.7	25.4	251.6	21	257.4	17.9	256.1	24.9	256.8	25.5	261.4	28.5	265.2	21.9	273.7	18	259.4	16.4	269.3	17.4	278.3                             	-999.00 	-999.00 	-999.00 	-999.00 
20130516	150000	-999.00 	-999.00 	-999.00 	-999.00 	44.60 	106.90 	43.2	137.5	35.4	162.9	32.9	162.5	37.8	153.6	29.9	144.8	19.3	157.8	11.3	167.7	14.1	186.9	10.6	183.8	14.9	180	12.5	214.6	12.5	204.5	9.1	195.3	12.4	230.9	8.6	253.9	9.8	252.8	6.6	274.3	13.7	253	13.6	272.5	9.1	265.6                         	-999.00 	-999.00 	-999.00 	-999.00 
20130516	160000	-999.00 	-999.00 	-999.00 	-999.00 	105.30 	145.10 	83.6	154.5	69.2	158.6	49.9	160.4	56	146.7	58.8	145.2	46.8	142.5	37.2	152.8	33.5	154.9	19.8	159.9	11.3	155.5	13.9	167.6	12.7	198.3	14.1	223	14.7	254.6	14.4	258.8	13.7	262.5	13.9	276.6	20	270	15.8	271.1	14.6	279.1                   	-999.00 	-999.00 	-999.00 	-999.00 
20130516	170000	-999.00 	-999.00 	-999.00 	-999.00 	62.40 	154.20 	74.6	156.1	87.9	159.1	93.2	163	86.6	168.4	79.7	174.1	68.8	169.1	51.2	166.3	44.5	163.4	32.3	159.2	20.7	164.9	14	168.4	13.3	183	10.8	153.7	7.8	142.8	8.5	98.8	11.8	74.8	10.5	81.8	9	54.5	3.3	295	10.8	272.6                             	-999.00 	-999.00 	-999.00 	-999.00 
20130516	180000	-999.00 	-999.00 	-999.00 	-999.00 	60.90 	128.40 	56.3	146.8	93.1	163	109.6	168.6	106.5	176.4	98.1	180.9	93.3	176.8	72.8	175.6	55.6	170.7	36	160.7	17.9	167.4	3.9	216.6	5.6	350.7	3.1	279.2	7.4	0	5.2	332.4	1.2	256	9	242.9	0.6	141.3	7.7	196.6	6.8	244.9                                           	-999.00 	-999.00 	-999.00 	-999.00 
20130516	190000	-999.00 	-999.00 	-999.00 	-999.00 	-999.00 	-999.00 	77	149	90.7	158.3	112.3	164.9	109.6	167.7	97.6	167.6	92	165.2	87.4	162.3	84.1	164.8	77.3	172.1	64.4	176.3	49.9	188.8	40.2	213.7	40.6	249.4	42.6	274.2	33.6	279.2	25.7	271.8	21.2	273.2	14	265.9	4	228	5.8	118.8                       	-999.00 	-999.00 	-999.00 	-999.00 
20130516	200000	-999.00 	-999.00 	-999.00 	-999.00 	-999.00 	-999.00 	82	152.1	117	158.2	114	158	102	150.3	93.1	149.7	87.3	159.3	72.3	168.3	39.3	176.8	7.4	134.4	4.9	9.5	10.4	328.8	15.5	291.6	21.2	294.3	22.2	292.8	16.1	273.9	12.7	286.4	17.5	311.5	7.1	300.6	3.9	44	9.4	87                                  	-999.00 	-999.00 	-999.00 	-999.00 
20130516	210000	-999.00 	-999.00 	-999.00 	-999.00 	-999.00 	-999.00 	54.2	166.7	85	162.1	85.6	156.2	83.2	150.9	80.6	153.2	58.9	163.6	23.1	166	13.7	39.4	23.6	36	18.3	345.1	17.3	304.6	13	289.3	10.1	245.5	7	285.8	1.2	325	1.7	183.4	4.5	95.1	9.8	120.8	5.2	50.5	8.6	75.2                                  	-999.00 	-999.00 	-999.00 	-999.00 
20130516	220000	-999.00 	-999.00 	-999.00 	-999.00 	-999.00 	-999.00 	36.3	180	46.9	148	52.8	138.2	28.8	135.7	22.6	84.2	43.6	51.6	50.4	32.3	43.2	38	37.2	31.5	35.4	21.2	19	357.9	5.2	293.6	11.1	214.7	6.6	199.5	9.4	258.9	2.9	234.7	8.3	46.5	3.9	64.1	7.5	52.1	9.2	67.6                                	-999.00 	-999.00 	-999.00 	-999.00 
20130516	230000	-999.00 	-999.00 	-999.00 	-999.00 	-999.00 	-999.00 	8.2	274.2	21.1	27.4	40.7	35.8	46.1	21.8	48.2	6	59.9	356.8	60.6	4	48	4.9	42.3	10.2	35.8	3.4	13.9	335.3	5.6	264.9	4.1	306	3.1	59.4	6.5	65.4	6.1	84.4	5.6	93.1	8.9	84.2	11.2	94.6	9.6	118.7                                         	-999.00 	-999.00 	-999.00 	-999.00 
20130517	00000	-999.00 	-999.00 	-999.00 	-999.00 	11.90 	23.30 	16.4	19.6	32.4	17.8	38.9	14.1	43.5	9	43	9	42.6	7.3	36.1	358.3	29.1	352.1	27.2	348.6	24.8	335.2	20	318	18.7	281.1	18	281.9	20.5	263	8.5	270	8.1	267.9	4.2	297.2	5.5	260.5	4.4	244.6	2.7	68.2                                                -999.00 	-999.00 	-999.00 	-999.00 	
20130517	10000	-999.00 	-999.00 	-999.00 	-999.00 	34.60 	321.00 	38.7	348.4	52.7	0.4	54.6	16.5	37.2	11.8	29.3	17.7	26	15.2	17	13.9	19.3	358.5	17.4	319.4	27.5	312.8	38.6	297.3	43.9	287.2	47.5	285.5	51.1	277.2	49.3	273.1	45.8	269.3	50.8	271.7	49.2	273.1	48.7	264	45.3	263                       -999.00 	-999.00 	-999.00 	-999.00 	
20130517	20000	-999.00 	-999.00 	-999.00 	-999.00 	44.20 	346.90 	33.1	352.2	22	349.3	17.5	14.6	20.4	33.4	16.6	23	17.8	29.3	19.7	0.9	22.8	347.9	23.4	335	23.7	327.4	25	320.5	26.9	310.9	25.4	304.1	30.9	296.7	24.1	288.4	27.6	283.6	33.3	277.3	30.1	275.3	29.5	271	27.7	265.2                         -999.00 	-999.00 	-999.00 	-999.00 	
20130517	30000	-999.00 	-999.00 	-999.00 	-999.00 	35.70 	120.40 	6.7	77	21	12.9	24.3	352.9	23.8	350.6	18.4	355.3	12.6	16.6	17.7	20.5	20.9	356.7	20.8	347.8	19.3	323.4	14.2	300.6	16.5	300.9	15.6	288.7	15.3	283.6	15.9	271.4	18.1	268.7	23.8	262.8	18.7	273.4	22.1	276.5	15.5	289.6                   -999.00 	-999.00 	-999.00 	-999.00 	
20130517	40000	-999.00 	-999.00 	-999.00 	-999.00 	33.60 	154.70 	25.1	154.8	15.2	55.2	33.1	19.2	38.4	9.6	31.9	353.3	17.4	358.4	7.5	35.2	2.2	256.6	9.2	267.5	12.7	259.6	12	279.6	15	280.8	13.8	244.7	15.8	272.2	13.3	261.3	12	265.7	15.4	260.7	11.8	271.5	12.1	264.3	12.3	275.6                           -999.00 	-999.00 	-999.00 	-999.00 	
20130517	50000	-999.00 	-999.00 	-999.00 	-999.00 	49.60 	167.20 	42.5	176.6	32.5	168.7	13.6	120.9	23.4	31.7	20.4	359.7	15.9	342	9	324.9	4.8	119.7	7	226.7	7.8	250.6	7.5	280.7	5.3	273.2	10.3	250.2	4.9	232.4	5.6	203.3	6.7	233.5	2	139.1	2.2	329.9	3.4	287.4	1.5	285.9                                               -999.00 	-999.00 	-999.00 	-999.00 	
20130517	60000	-999.00 	-999.00 	-999.00 	-999.00 	69.20 	167.20 	46.8	155.8	46.3	160.3	29.2	165.5	8	80	13.6	51.3	12.6	18.4	3.5	18.4	6.2	126.5	4.9	119.2	0.2	26.6	5.2	249.8	4.3	208.9	2.9	254.1	3.8	324.6	5.6	296.6	4.3	343.7	2.7	309	7.4	297.3	5.6	281.3	0.9	161.6                                                 -999.00 	-999.00 	-999.00 	-999.00 	
20130517	70000	-999.00 	-999.00 	-999.00 	-999.00 	72.00 	171.20 	40.2	154	54.2	150.6	50.5	150.7	32.1	151.8	15.6	143.9	5	65	1	119.1	9.3	165.7	4.6	128.8	3.7	180	5.7	124.3	7.4	174.6	0.8	299.7	0.6	341.6	2.6	190.9	3.3	208.9	0.6	0	2.5	293.5	0.7	123.7	4.8	182.4                                                         -999.00 	-999.00 	-999.00 	-999.00 	
20130517	80000	-999.00 	-999.00 	-999.00 	-999.00 	75.80 	196.30 	44.6	172.8	65.7	165.5	53.9	162.5	41.5	155	17.9	155.9	5.9	149.5	6.6	187.9	11.4	177.5	5.7	142.1	6.1	106.1	2.1	337.2	4.5	23.7	7	17.4	5.6	17.8	4.3	353.4	1.7	331.9	5.6	284.5	0.7	33.7	2.4	90	1.9	71.6                                                -999.00 	-999.00 	-999.00 	-999.00 	
20130517	90000	-999.00 	-999.00 	-999.00 	-999.00 	85.80 	193.40 	48.7	166	44.8	166.6	21.9	154.6	7.3	78.1	9	20.3	13	11.6	16.8	4.1	13.6	342.9	9.9	322	7.9	1.5	1.8	353.7	7.3	4.7	4.6	335.7	7.4	307.3	3.6	52.8	6	0.9	3	348.3	0.5	78.7	2	32.9	9	69.7                                                                  -999.00 	-999.00 	-999.00 	-999.00 	
20130517	100000	-999.00 	-999.00 	-999.00 	-999.00 	42.50 	243.40 	14.4	168.8	14.8	58.2	24.3	18.5	23.8	1.2	22.7	6.6	23.5	12.6	15.8	6.2	29.8	355	26.3	351.3	20.5	326.9	20.7	317.7	20.8	316.2	20.4	324.4	18.8	322.8	19.6	303.8	16	295.1	15	276.9	16.6	264.5	16	283.8	13.7	278.4                         	-999.00 	-999.00 	-999.00 	-999.00 
20130517	110000	-999.00 	-999.00 	-999.00 	-999.00 	8.90 	25.10 	21.2	344.4	40.8	338.6	41.6	339	47.9	349.6	52	354	47.4	358.3	39	1	31.3	351.9	38.3	342	36.8	334.2	34.3	339.5	29.2	346.1	24.5	337.2	17.8	325.8	12.6	326.7	10	329.3	9.4	302.9	7.7	320.8	16.1	298.6	10.1	294                                   	-999.00 	-999.00 	-999.00 	-999.00 
20130517	120000	-999.00 	-999.00 	-999.00 	-999.00 	14.60 	23.40 	30.2	358.3	58.2	3.1	59	357.8	43.9	2.4	33.2	355.7	34.7	345.3	32.3	341.6	33.9	339.4	29.7	326	26.6	325.1	19.6	322.3	20.7	319.3	21.4	305.1	27.4	292.1	23.3	278.6	21	282.4	23.3	282.7	24.3	278.8	23.2	281.5	16.6	271.7                     	-999.00 	-999.00 	-999.00 	-999.00 
20130517	130000	-999.00 	-999.00 	16.90 	157.40 	10.30 	131.90 	8.3	13.2	24.4	12.3	22.4	20.4	24.1	4.5	21.8	13.5	30	3.2	29.5	352.6	22.9	348.1	24.3	333.6	25.2	331.8	20.6	307.3	18.9	306.4	27.2	282.8	31.5	278.4	35.3	263.5	34.9	265.4	36.9	263.6	31.4	264.5	30.2	264.5	32.9	271.9                       	-999.00 	-999.00 	-999.00 	-999.00 
20130517	140000	-999.00 	-999.00 	8.80 	280.40 	13.00 	186.60 	13.2	157.7	9.3	29.1	10.6	27.1	19.8	32.4	20.1	11.2	18.8	0.3	14.5	346.4	16.4	352.7	14.3	334.3	16.8	313.3	12.3	295.9	20.6	273.6	20.7	268.3	28.8	269.6	26	272.6	25.8	279.8	26.6	282.4	22.3	272.6	20.6	279	24	283                             	-999.00 	-999.00 	-999.00 	-999.00 
20130517	150000	-999.00 	-999.00 	-999.00 	-999.00 	34.90 	176.10 	42.9	151.9	38.6	143.1	22.9	136.8	7.6	107.7	6.1	161	5.2	152.4	4.1	194	5.1	236.9	7	288.4	10.9	229.9	13.6	225.9	9.7	264.7	11.3	273.5	7.9	242.8	8.7	260.8	6.8	267.5	9.4	280.5	14.8	284.9	3.8	274.5	9.8	274.7                                           	-999.00 	-999.00 	-999.00 	-999.00 
20130517	160000	-999.00 	-999.00 	-999.00 	-999.00 	15.50 	201.10 	32.6	163.1	48.9	155.2	43.8	153.8	29.3	157.7	21.6	143.1	21.9	156.8	14	180.8	13.8	172.5	14.9	173.1	8.4	189.6	7.8	159	4.7	186.1	6	193.6	4.9	216.6	7.9	236.9	4.8	247.8	5.4	245.8	4.7	291.1	2.6	212.5	9.8	302.6                                       	-999.00 	-999.00 	-999.00 	-999.00 
20130517	170000	-999.00 	-999.00 	-999.00 	-999.00 	35.10 	242.70 	45.4	176.1	65	167.7	63.8	159.8	54.4	151.8	46.4	147.5	30.5	158.1	27	155.1	19.4	157.5	18	165.5	20.8	155	18.5	184.7	16.6	182.1	13.8	189.2	11	215.7	11.7	226	8.4	262.4	13.6	278.4	16.2	291.3	14.5	279.9	14.5	277.5                         	-999.00 	-999.00 	-999.00 	-999.00 
20130517	180000	-999.00 	-999.00 	-999.00 	-999.00 	43.80 	213.70 	49	176	81.9	170.7	88.3	163.1	83	153.5	75.2	144	55.4	139.9	46.5	145.7	34.7	145.6	27.8	145.4	15.3	176.6	10.3	192.9	17.2	226.7	13.6	241.4	10.2	272.8	17.9	270	15.9	260.6	19	247.4	17.5	272	14.9	275.8	15.9	264.6                         	-999.00 	-999.00 	-999.00 	-999.00 
20130517	190000	-999.00 	-999.00 	-999.00 	-999.00 	62.20 	190.30 	51.8	186	72	177.8	88.2	178.3	85.7	171.8	89.1	168.7	92.8	156.4	76.7	147.1	50.7	149.1	30.7	157.6	9.9	151.1	12.8	21.6	17.1	26	17.9	31	16.3	17.9	20.2	6.3	13.4	42.3	7.3	65.9	14.9	72	10.1	79.7	7.7	99.7                              	-999.00 	-999.00 	-999.00 	-999.00 
20130517	200000	-999.00 	-999.00 	-999.00 	-999.00 	-999.00 	-999.00 	75	175.2	81.3	161.7	94.7	167.7	104.2	169.6	101.9	168.9	97.4	160.7	78.7	163.8	58.1	164.3	32.5	180.7	16.5	226	16.7	300.3	13.8	294.9	6.6	338.5	1.2	24.4	7.7	296.2	8.2	284.9	10.7	295.4	8.3	312.6	9.5	294.1	4.2	325.6                         	-999.00 	-999.00 	-999.00 	-999.00 
20130517	210000	-999.00 	-999.00 	-999.00 	-999.00 	-999.00 	-999.00 	78.6	180.5	84.1	159.5	96.2	153.3	90.6	150.1	88.5	151.4	79.4	161.4	53.9	180.5	35.1	201.7	7.9	250.9	15.2	15.7	22.4	349.4	14.3	339.2	10.6	291	10.7	248	4.8	310.7	5.7	47.1	6.3	100.1	10.4	92.8	13.4	86.6	11.5	106.7                   	-999.00 	-999.00 	-999.00 	-999.00 
20130517	220000	-999.00 	-999.00 	-999.00 	-999.00 	-999.00 	-999.00 	49.6	171.3	71.1	158.9	77.3	157.7	69.9	161.3	61.2	165.4	43	178	10	122.7	16.1	43.2	15	3.4	12	346	13.9	342.4	7.9	292.3	8.5	251.6	12.9	269.1	9.7	258.7	3.8	261	3.7	170.8	2.7	225	3.8	139.2	6.1	88.1                                          	-999.00 	-999.00 	-999.00 	-999.00 
20130517	230000	-999.00 	-999.00 	-999.00 	-999.00 	-999.00 	-999.00 	46.9	156.1	33.8	155.6	25.4	151.8	19	62.8	39.2	41.7	45.1	26.4	36.9	20	33.1	18.5	22.3	333.3	12.2	291.7	16.6	265.9	17.8	264.2	19	263.4	15.2	255.1	10.8	289.4	10.2	273.9	15.1	295.9	9.5	299	11.1	292.2	6.2	243                     	-999.00 	-999.00 	-999.00 	-999.00 
20130518	00000	-999.00 	-999.00 	-999.00 	-999.00 	-999.00 	-999.00 	34.8	45.7	38.9	33	42.3	6.4	53.8	351	65.3	346.4	63.6	342.1	56.7	348.4	43.9	346.1	29.3	340.4	22.9	317.5	16.5	276.3	12.3	294.1	8.3	304.6	2	278.5	1.8	347.5	1.6	262.9	7	279.1	3	105.4	2.8	355.9	2.4	38.3                                      -999.00 	-999.00 	-999.00 	-999.00 	
20130518	10000	-999.00 	-999.00 	-999.00 	-999.00 	56.60 	348.20 	28.2	18.8	28.4	359.2	46	358.1	51.5	358	49.2	1.5	48.2	346.7	40.1	335.2	27.5	343.9	24.8	337.5	25.3	313.1	26.7	281.9	30.5	268.7	32.4	272.8	29.8	276.6	22.1	271.6	19.2	281.4	17.7	270	17.9	265.2	14.8	292.6	12.5	283.9                     -999.00 	-999.00 	-999.00 	-999.00 	
20130518	20000	-999.00 	-999.00 	-999.00 	-999.00 	61.00 	350.90 	32	353.2	33.8	356.8	36.4	8.1	32	6.3	30	352.3	32.8	341.3	30.2	331.1	29	328.1	30.4	326.4	31.8	297.7	38.3	279.5	42.1	278.1	45.2	274.6	42.5	274.4	44.5	272.2	44.5	272.7	42.4	273.1	40	273.4	42.8	271.3	36.6	271.4                           -999.00 	-999.00 	-999.00 	-999.00 	
20130518	30000	-999.00 	-999.00 	-999.00 	-999.00 	60.70 	350.60 	27	37.6	24.4	2.4	21.7	14.2	20.7	24.6	26.5	2.8	26.2	351	32.5	334.1	29.3	318.3	30.9	303.8	34.1	293.3	31.7	289.8	32.6	289.6	41.4	279.5	37.3	278.6	38.9	275.3	41.5	276.8	44.6	275.1	40.5	270.1	36.3	274.4	27.2	283.6                     -999.00 	-999.00 	-999.00 	-999.00 	
20130518	40000	-999.00 	-999.00 	-999.00 	-999.00 	46.00 	343.70 	9.1	26.9	11	2.6	11	351.6	11.1	330.2	14	359.6	15.2	336.8	15.9	338.3	17.6	331.8	15.7	326.7	13.3	302.1	14.8	293.4	14.2	291.9	19.3	279.2	21.4	280.2	19.8	291.9	21.8	287.1	23.6	280.3	18.5	282.8	18.8	275.8	16.4	269.6                       -999.00 	-999.00 	-999.00 	-999.00 	
20130518	50000	-999.00 	-999.00 	-999.00 	-999.00 	29.90 	353.30 	12	96.7	9.1	81.2	14.4	13.7	18	316.4	6.2	304.5	3.9	163.4	7.8	140.2	2.5	173.2	6.5	202.6	9.7	237.6	10	299.9	10.9	252.4	7.2	253.1	13.3	246.9	8.5	276	6.7	263.2	9.2	270	11.7	275.4	13.5	291.3	8.8	297.7                                               -999.00 	-999.00 	-999.00 	-999.00 	
20130518	60000	-999.00 	-999.00 	-999.00 	-999.00 	17.40 	1.00 	30.2	147.3	30.3	175.6	9.6	169.2	7	95.7	6.6	9.6	5.6	254.5	6.1	174.4	8.7	165.3	7.6	168.5	0.9	249.4	5.4	224.3	9.7	190.2	3.4	215.5	2.1	250.7	3.9	217.8	5.6	282.3	7.9	270.7	6	251.6	6.4	261	8.9	256.4                                                           -999.00 	-999.00 	-999.00 	-999.00 	
20130518	70000	-999.00 	-999.00 	-999.00 	-999.00 	6.40 	47.50 	39.3	155	56	174.3	42.9	180	23.8	172.8	11.8	156	3.4	180	5.1	142.2	4.2	148.6	5.6	209.7	4.3	244	2.2	249.2	7.4	284.8	4.7	298.2	7.6	267	9.6	273.6	7.8	259	5.9	294	7.1	238.8	3.8	251.6	6.4	203                                                                 -999.00 	-999.00 	-999.00 	-999.00 	
20130518	80000	-999.00 	-999.00 	-999.00 	-999.00 	14.30 	30.30 	39.6	145.9	54.9	154.2	45.4	154.4	27.2	160.4	23.9	168.2	16.4	148	11.5	144.2	9.6	141.3	11.6	124.1	6.2	162.2	8.3	124.3	3.9	172.7	0.6	180	6.8	277.6	9.6	294.7	4.3	296	6	248.6	5.8	273.9	6.8	243.8	2.9	279.8                                             -999.00 	-999.00 	-999.00 	-999.00 	
20130518	90000	-999.00 	-999.00 	-999.00 	-999.00 	17.90 	156.30 	51.8	152.3	57.3	150	52.2	157.2	43	170.9	21	166	16.8	212.4	16	222	17.8	181.3	12	134	12.3	115.1	8.2	136	9.8	55.8	7.1	34.1	11.2	42.8	11.1	41.7	6.7	14.7	2.3	121	3.5	66.4	8	105.3	7.6	95.3                                                    -999.00 	-999.00 	-999.00 	-999.00 	
20130518	100000	-999.00 	-999.00 	-999.00 	-999.00 	11.50 	83.50 	34.9	146.2	46.8	160.7	38.6	156.6	19.3	164.1	11.7	255.6	16.7	286.4	15.8	293.8	10.1	291	9.7	320	3	330	2.8	4.1	1.8	3.2	6.7	115.8	5.5	73.2	10.9	81.6	12.5	43.4	13	47.8	13.9	57.9	13.2	74.2	10.8	78.8                                      	-999.00 	-999.00 	-999.00 	-999.00 
20130518	110000	-999.00 	-999.00 	-999.00 	-999.00 	14.90 	50.40 	15.3	139.2	7.3	117.6	10.1	22.8	11.6	351.1	21.9	333.1	17.5	324	22.7	322.9	15.7	306.7	23.4	316.9	22.1	320	14.4	338.4	17.6	5.5	17	22.8	17.2	52.8	19	54.6	17.1	58.6	18.4	65.9	11.9	55.6	7.7	70.1	8.2	40.5                            	-999.00 	-999.00 	-999.00 	-999.00 
20130518	120000	-999.00 	-999.00 	-999.00 	-999.00 	36.80 	36.70 	42.2	57.1	39	46.6	27.5	11.6	34.1	343.1	35.6	339.8	38.5	345.4	37.8	334.3	25.5	344.8	11.9	355.7	3.5	358.4	9.1	349.2	7.9	343.2	7.4	293.1	10.2	306.2	6.3	270.9	12.6	273.2	17	271	20.3	278.2	23.1	260.8	18.4	276.2                           	-999.00 	-999.00 	-999.00 	-999.00 
20130518	130000	-999.00 	-999.00 	-999.00 	-999.00 	59.00 	16.60 	26.6	40.3	24.7	26.7	32.7	6.2	38	1.8	36.3	2.4	34.7	1	16.6	355.9	11.3	343.5	8.6	328.4	18.6	291.2	23	272.2	23.1	277.2	27.6	271.4	21.3	262.4	17	283.6	13.7	270.4	15.6	261.9	10.9	268.4	17.2	264.3	14.3	288.3                             	-999.00 	-999.00 	-999.00 	-999.00 
20130518	140000	-999.00 	-999.00 	-999.00 	-999.00 	35.40 	21.10 	15.1	48.5	21.1	338.6	31.7	350.9	41.8	359.6	39.5	357.5	26.7	355.5	13.6	337	12	271.4	16.3	270.7	17.8	263.6	16.2	259.3	20.9	280.2	21.4	263.3	17	275.1	12.9	269.1	13.2	249.1	11.6	235.9	10.3	239.7	10	240.1	10.7	277                     	-999.00 	-999.00 	-999.00 	-999.00 
20130518	150000	-999.00 	-999.00 	-999.00 	-999.00 	19.80 	39.50 	19.3	136.9	2.6	112.6	15.4	24.2	23	10.3	15.8	346.5	16.7	323.5	8.2	272.1	10.9	252.4	15.9	264.6	15.2	260.2	10.9	275.2	8.5	274.7	9.3	277.4	6	290.6	5.2	277.7	3.1	247.5	1.6	338.2	4.2	278.1	5.3	321.8	2.6	117.6                                     	-999.00 	-999.00 	-999.00 	-999.00 
20130518	160000	-999.00 	-999.00 	-999.00 	-999.00 	23.60 	124.80 	30	180.9	23.9	189.2	23.6	153.5	13.4	120	1.7	35.5	1.4	81.9	2.1	256	5	211.2	9.6	256.7	9.2	248.4	0.3	198.4	6.7	265.7	6.6	199.5	3.4	205.8	3.4	153.4	4.9	237.6	4.5	317.7	5.6	271	7.5	283.1	6.8	252.9                                                     	-999.00 	-999.00 	-999.00 	-999.00 
20130518	170000	-999.00 	-999.00 	-999.00 	-999.00 	17.90 	112.70 	42.8	166.5	43.3	189.7	30.8	208.7	29.8	178.1	27.3	163.6	17.8	161.4	15.7	147.2	13.2	159.7	15.8	157.3	16.1	138.3	19.3	150.3	15.2	136.9	10.2	131.8	5.5	177.9	3.1	189.2	0.5	270	5	264.3	8.5	200.8	5.2	291.6	5.3	275.4                             	-999.00 	-999.00 	-999.00 	-999.00 
20130518	180000	-999.00 	-999.00 	-999.00 	-999.00 	30.10 	156.30 	60.9	175.1	53.6	182.2	52.7	181.1	52.7	172.5	40.8	161.9	38.3	157.3	32.6	155.2	26.1	157.3	20.4	166.7	20.7	182.5	20.8	157.6	17.1	150.6	10.7	161.4	9.7	184.1	8.7	176.1	7.1	229.6	12.3	261.1	16	274.7	16.8	285.9	21	268.1                     	-999.00 	-999.00 	-999.00 	-999.00 
20130518	190000	-999.00 	-999.00 	-999.00 	-999.00 	26.80 	165.60 	63.5	181.6	77.7	188.6	75.3	181.5	70.2	177.6	67.9	167.8	74.9	160.6	64.3	157.6	40.3	162.5	19.2	183.6	3.1	289	7.7	287.5	9.7	320.4	10.7	304.3	7.7	310.3	8.9	285.6	5.5	289.1	4.2	331.6	2.5	256	6.5	336.6	6.1	1.9                                     	-999.00 	-999.00 	-999.00 	-999.00 
20130518	200000	-999.00 	-999.00 	-999.00 	-999.00 	-999.00 	-999.00 	63.8	174	90.1	186.2	93.9	201.5	84	197	82.1	180.7	88.7	160.3	78.2	150	60	147.7	46.6	150.8	25.5	149.6	8.8	45.5	9.3	34	7.5	352.3	10.6	307.7	11.1	267.9	13.6	270.8	11.2	276.2	13.4	283.8	13.3	257	11.7	254.7                           	-999.00 	-999.00 	-999.00 	-999.00 
20130518	210000	-999.00 	-999.00 	-999.00 	-999.00 	-999.00 	-999.00 	48.1	161.6	77.8	168	92.5	179.9	97.7	187.9	97.6	188.3	83	185.3	67.5	171.1	53.4	162	37.9	163.3	29.6	161.9	13.7	184.6	6.5	300.5	15.2	336	4	265.7	11	275.2	9.9	275.2	7.7	276.8	7.2	277.2	4	270	5	318.3                                       	-999.00 	-999.00 	-999.00 	-999.00 
20130518	220000	-999.00 	-999.00 	-999.00 	-999.00 	-999.00 	-999.00 	27.4	159.7	65.2	167.6	81.3	183	88.3	188.2	82.4	175.8	72.8	161.8	60.4	153.4	46.6	154.4	27.7	156.9	4.8	231	7.3	279.5	17.7	282.7	13.9	248.4	8.7	264.1	5.7	287.5	3.8	0	10.2	71	11.1	81.2	12.6	92.7	16.9	89.3                            	-999.00 	-999.00 	-999.00 	-999.00 
20130518	230000	-999.00 	-999.00 	-999.00 	-999.00 	-999.00 	-999.00 	23.5	151.8	59.9	168.9	68.8	178.1	58.8	173.6	51.2	160.6	48.6	163.8	30.6	172.3	15.6	158.5	12.2	17.1	10.8	293	13.2	280	8.7	249.1	2.7	208.4	2.6	144.5	5.2	81.1	2.9	102.1	7.6	24.9	5.4	10.7	6.5	46.3	12.1	74.1                            	-999.00 	-999.00 	-999.00 	-999.00 
20130519	00000	-999.00 	-999.00 	-999.00 	-999.00 	-999.00 	-999.00 	5.4	12.8	26	182.9	6.9	200.3	18.9	51.7	33.8	33.4	36.5	29.9	36.7	32.3	30.9	16.9	25.7	358.4	23.4	328.1	6.2	1.9	3.3	237.3	3.3	234.9	4.3	252.4	4.6	19.2	3.5	340	3.2	318.8	2.4	352.9	3.8	349.3	5.7	112.5                                       -999.00 	-999.00 	-999.00 	-999.00 	
20130519	10000	-999.00 	-999.00 	-999.00 	-999.00 	80.10 	357.40 	37.5	10.3	33.5	28.2	35	1.3	44.4	351.2	46.5	350.7	46.6	348.6	44.4	350.8	32.2	347.3	23.8	334.8	23.3	278.4	20.6	268.1	22.2	269.7	22.3	267.7	19.3	268.5	20	264.6	19	258.2	21.5	279.9	17.9	274.1	16.9	263.2	16	281.9                       -999.00 	-999.00 	-999.00 	-999.00 	
20130519	20000	-999.00 	-999.00 	-999.00 	-999.00 	81.20 	7.60 	34.2	340	26.1	335.3	29.8	341.6	40	351.1	36.5	355.1	43.6	359.7	38.9	357.5	42.1	355.1	42.3	354.8	31.3	352.6	32.4	342.2	28	334.2	26.2	321	26.8	297.5	25.8	292.8	33.6	286.2	29.8	282.6	23	275.7	27.3	276.3	24	267.9                           -999.00 	-999.00 	-999.00 	-999.00 	
20130519	30000	-999.00 	-999.00 	-999.00 	-999.00 	92.30 	5.00 	37.7	3.5	41.6	358.4	61.3	358.4	54.2	11.4	49.2	8.3	48.1	359.3	44	358.1	39	345.9	35	344.9	34.1	327.7	28.9	306.7	30.5	292.1	35	280.2	37.1	276.2	39.3	271.6	34.3	269.5	39.7	272.2	35.1	274.9	38.6	273.6	36.2	273.8                           -999.00 	-999.00 	-999.00 	-999.00 	
20130519	40000	-999.00 	-999.00 	-999.00 	-999.00 	73.60 	0.40 	39.2	8.5	35.2	11	22.1	7.5	14	16.6	27.8	1.2	31.3	358	35.5	343.5	32.2	331.8	32.3	320.9	31.2	318	35.1	307.1	28.8	305.2	33.6	287	30.8	285.8	34.1	282.2	34.7	273.1	34.3	272.7	35.4	273.6	36.9	272.3	29.8	276.4                               -999.00 	-999.00 	-999.00 	-999.00 	
20130519	50000	-999.00 	-999.00 	-999.00 	-999.00 	50.50 	353.80 	14.1	22.6	19.7	324.9	18.8	322.8	10.2	351.6	9.6	358.8	14.5	3.2	19.8	359.7	15.9	352.4	18.9	336.7	14.6	329.9	19.6	327.9	15.8	307.8	16.7	310.9	14.5	308.3	19.5	307.5	17.9	298.4	25	287.9	28.1	276.3	26.6	267.9	28.3	271.2                   -999.00 	-999.00 	-999.00 	-999.00 	
20130519	60000	-999.00 	-999.00 	-999.00 	-999.00 	43.30 	356.60 	14.5	97.1	9.7	9.5	21.1	339.8	20.3	334.3	1.4	45	2.9	29.3	3.9	327.5	10	270	6.9	255	10.5	271.6	11.9	257.8	11.7	264.1	15.4	261.8	17.1	257.8	14.4	268.4	16.1	273.2	17	263.6	16.4	283.8	12.2	275.1	12.6	280.1                                   -999.00 	-999.00 	-999.00 	-999.00 	
20130519	70000	-999.00 	-999.00 	-999.00 	-999.00 	20.10 	17.10 	28.6	167.7	33.3	164.7	17.8	143.4	6.4	60.3	18.9	21.4	4.5	353.7	5.6	107.8	7.4	135.6	12.5	166.1	8.2	166.6	11.3	171.4	8.1	192.8	9.3	168.2	4.9	177.7	4.8	226.7	2.8	229.4	4.5	134.1	5.5	350.5	4.2	274.1	5.6	278.3                                         -999.00 	-999.00 	-999.00 	-999.00 	
20130519	80000	-999.00 	-999.00 	-999.00 	-999.00 	6.50 	21.80 	29.8	170.9	46.4	166.8	44.8	157.2	38.7	148.5	25.7	169.9	16.9	161	12.5	164.2	12.7	129.2	10.5	165.7	9.7	172.9	10.4	206.8	8.3	230.4	7.4	217.3	12.4	271.4	14.8	268.1	14.8	270.8	16.6	286.1	7	293.6	11.8	277.8	9	266.8                               -999.00 	-999.00 	-999.00 	-999.00 	
20130519	90000	-999.00 	-999.00 	-999.00 	-999.00 	15.30 	178.50 	44.7	169.9	61.2	169.3	52.3	158	50.4	155.1	37.9	169.8	27.3	185	27.3	179.4	18.3	160.9	14.5	150.6	13.1	115.4	10.9	149.7	4.8	82.9	0.8	320.2	1.2	211	0.9	212	6.7	324.2	1.2	0	1.6	255.1	1.6	29.7	1.7	245                                             -999.00 	-999.00 	-999.00 	-999.00 	
20130519	100000	-999.00 	-999.00 	-999.00 	-999.00 	20.10 	155.90 	67.1	169.8	71.2	180.8	60.4	173.3	55.2	161	51.1	158.8	37.4	182.6	32.1	189.9	15.7	180.4	7.9	164.6	2.9	303.7	4.5	11.6	3.9	11.9	6.5	337.4	5.8	9.9	3.7	76	3.7	18.9	5.4	49.5	4.2	152.8	6.6	126.3	2.7	13                                            	-999.00 	-999.00 	-999.00 	-999.00 
20130519	110000	-999.00 	-999.00 	-999.00 	-999.00 	19.30 	75.00 	39.5	173.4	53.4	173.3	52.8	159.5	47.5	164.1	28.5	174.4	10.3	131.1	14.8	55.8	14.1	32.6	17.9	21.3	14.3	14.6	20	16.9	20.6	30.7	18.2	55.1	20.8	44.2	14.6	44.7	4.7	0	2.6	234.5	6.5	30.5	5	102.7	11.8	67.6                            	-999.00 	-999.00 	-999.00 	-999.00 
20130519	120000	-999.00 	-999.00 	-999.00 	-999.00 	30.40 	11.40 	16.3	169	20.9	176.7	17.7	152	8.9	139.1	37.3	58.1	26	51.1	18.5	20.6	21.3	31.4	23.2	23.6	14.6	0.8	10.4	343.8	7.8	310.8	16.3	292	16.9	277.1	16.9	269.3	15.8	264.2	10.6	260.8	16.1	256	12	290.6	8.5	339.4                               	-999.00 	-999.00 	-999.00 	-999.00 
20130519	130000	-999.00 	-999.00 	-999.00 	-999.00 	78.20 	0.90 	22.4	339.9	13.8	326	23.9	26.9	33.5	37.1	24.7	356.3	32.8	3	30.2	358.1	33	354.8	28.5	347.2	8.9	319.1	16.6	283.9	12.3	275.1	10.2	287.2	15.1	279.5	5.3	287.4	2.6	316.6	3.7	337.6	4.9	81.7	4.2	270	2	180                                         	-999.00 	-999.00 	-999.00 	-999.00 
20130519	140000	-999.00 	-999.00 	-999.00 	-999.00 	71.30 	21.40 	33.6	359.1	31.3	337.9	37.4	332.1	39.2	339.9	41.7	353.7	40.8	345.5	36	341.5	22.2	339.7	18.5	315.9	16.4	292.2	12.7	275.9	10.7	268.4	11.5	258.5	9.3	290.2	5.9	238.2	7	253.4	3	246.8	2.6	313.4	3.4	0	3.8	18.4                                    	-999.00 	-999.00 	-999.00 	-999.00 
20130519	150000	-999.00 	-999.00 	-999.00 	-999.00 	57.80 	6.30 	25.8	347	34.4	332.1	42.6	355.7	39.4	5.4	29.3	13	34	3.4	30.6	359.4	21.3	354.3	16.3	349.7	15.1	327.7	12.4	313.7	12.5	270	10.6	279.2	12.3	276.1	12.1	259.5	6.8	282.8	11.2	264.9	6.6	264.8	9.8	263.5	6.4	255.5                                 	-999.00 	-999.00 	-999.00 	-999.00 
20130519	160000	-999.00 	-999.00 	-999.00 	-999.00 	28.50 	31.20 	2.4	170.5	11.8	318.4	25.2	0	34.3	7	39.7	350	29.1	350.3	17	358.3	12.9	334.2	9.4	304.2	10.4	280.6	17.1	274.4	9.6	283.9	12.3	284.1	8.5	276	10.7	284	7.3	287.4	6.7	254.5	6.3	307.9	3.8	346.3	3	289.6                                               	-999.00 	-999.00 	-999.00 	-999.00 
20130519	170000	-999.00 	-999.00 	-999.00 	-999.00 	28.40 	17.20 	16.3	125.3	19.7	159.2	2.2	79.7	17.5	9.2	23.1	1	13.7	332.1	10.3	295.8	14.4	274	9.9	281.6	12.3	254.4	10.6	246.1	9.4	293.3	6.2	256	5.8	275.9	4.6	291.6	5.3	236.6	4.8	121.4	7	166.8	6.1	30.3	1.9	81                                                	-999.00 	-999.00 	-999.00 	-999.00 
20130519	180000	-999.00 	-999.00 	-999.00 	-999.00 	19.70 	40.50 	20.1	163.6	32.7	171.9	31.1	168.1	25.7	159	11.9	168.9	9.5	186.7	10.2	194.2	7.1	215.3	1.9	145.5	7.9	179.3	2.6	240.5	3.2	188.9	7.3	235	4	190.2	4.2	181.4	0.8	50.2	4.6	163.5	6.5	180	2.2	237.7	1.5	78.7                                                	-999.00 	-999.00 	-999.00 	-999.00 
20130519	190000	-999.00 	-999.00 	-999.00 	-999.00 	28.90 	135.40 	57.9	183.8	47.4	183.9	43.1	174.8	40.1	170.8	36.2	148.1	34.2	147.1	25.3	144.8	18.7	151.9	23.5	161.1	15.5	166.9	17.6	168.9	16.3	192.4	14.1	189.8	13.4	208.5	13.7	209.7	10.7	211.6	5.2	224.2	10.1	274.5	8.9	285.6	10.8	279.6               	-999.00 	-999.00 	-999.00 	-999.00 
20130519	200000	-999.00 	-999.00 	-999.00 	-999.00 	53.60 	129.10 	81.2	180.3	72.4	188.3	54	183.6	50.8	173.1	50	174.1	54.5	160.9	45.3	168.7	30.9	160.7	31.1	164.3	17.9	172.3	11.3	178.5	6	118.7	5.4	272.1	11.4	273.5	12	297.2	14.3	297.1	12.9	266	12.8	257.4	20.8	273.9	14.3	257.5                         	-999.00 	-999.00 	-999.00 	-999.00 
20130519	210000	-999.00 	-999.00 	-999.00 	-999.00 	82.10 	151.20 	88.7	165.6	93.8	179.3	88.9	194.1	82.7	197.6	77.1	191.8	72	165.7	69.9	152.7	68.7	150.4	43.7	155.6	22.7	167	3.9	34.5	14.6	13.9	14.6	37	16.3	38.3	6.2	8.4	3.8	308.7	6.9	255	11.6	298.3	5.3	262.5	2.2	18.4                                  	-999.00 	-999.00 	-999.00 	-999.00 
20130519	220000	-999.00 	-999.00 	-999.00 	-999.00 	-999.00 	-999.00 	94.6	167	81.6	159.7	91.8	169.4	85.5	182.6	88.4	196.3	90	196.4	85.9	183.9	65.9	176.3	44.7	183.3	14.2	193.4	7.4	29	14.9	42.8	1.8	0	5	271.1	7	237.2	9.8	251	4.8	275.9	3.8	288.4	1.4	123.7	6	68.5                                            	-999.00 	-999.00 	-999.00 	-999.00 
20130519	230000	-999.00 	-999.00 	-999.00 	-999.00 	-999.00 	-999.00 	87	175.6	78.5	160	85.4	160.7	82	173.7	80.2	188.5	78.1	192.3	71.8	186.5	48.5	191.5	21.3	217.6	6.4	351.9	19.2	344	10.8	293	14.2	267.6	9.8	307.1	1.7	335	9.8	58.7	10.3	68.9	15.3	103.6	16.3	99.2	18.7	94.3                            	-999.00 	-999.00 	-999.00 	-999.00 
20130520	00000	-999.00 	-999.00 	-999.00 	-999.00 	-999.00 	-999.00 	62	165.9	52.2	159	62.7	165.2	63.3	184.7	52.6	184.3	38.3	180.9	17.6	178.4	15	35.8	15	41.8	7.1	318.4	6.8	267.5	10.1	239.6	11.3	275.6	6.4	235.8	3.1	148.4	1.6	127.6	3.1	324.3	8.4	54.2	7.5	76.2	14.7	93.9                                  -999.00 	-999.00 	-999.00 	-999.00 	
20130520	10000	-999.00 	-999.00 	-999.00 	-999.00 	-999.00 	-999.00 	14	165.6	21	178.6	22.2	193.8	7.1	134.4	26.2	45.1	50.5	30.2	60.8	36.3	59.1	35.1	40.8	30.1	14.4	6.8	4.8	70.4	4.1	195.4	2.9	239	4.7	318.5	2.5	16.3	2	78.7	2.2	357.4	0.6	128.7	3.6	93.2	5.8	99                                            -999.00 	-999.00 	-999.00 	-999.00 	
20130520	20000	-999.00 	-999.00 	-999.00 	-999.00 	55.50 	342.60 	21.4	336.1	29.5	334	41.6	342.2	45.4	354.2	54.2	5.5	58.2	356.4	56	345.2	46.4	339	33.2	326.9	17.5	298.8	19.2	275.1	17.3	292.7	17.8	283.3	17.9	282.9	20.6	280.9	16	277.5	14.9	287.2	16.5	271	12.4	280.7	10.3	297.8                         -999.00 	-999.00 	-999.00 	-999.00 	
20130520	30000	-999.00 	-999.00 	-999.00 	-999.00 	78.30 	340.90 	53.3	341.2	59.7	348.6	61.4	355.2	60.6	7.9	55	10.9	57	14.6	44.7	2.3	40.2	359.6	41.1	356.1	34	344.8	28.3	334.4	29.5	318.7	23.6	297.2	21.2	273.2	30.4	266.6	30.8	264.2	27.6	265.4	24.2	263.6	22.1	267.4	21.3	278.4                       -999.00 	-999.00 	-999.00 	-999.00 	
20130520	40000	-999.00 	-999.00 	-999.00 	-999.00 	102.00 	343.50 	58.8	5.5	50.6	13.6	54.8	19.8	56.6	7	52.9	357.4	47.1	351.1	45.2	349.7	48.8	346.3	42	332.6	39.2	326.2	42.8	318.4	39.8	303.4	36.8	292.9	37.4	285.2	42.1	272	45.8	267	50	265.2	47.4	267.2	44.6	261.6	40.8	261                             -999.00 	-999.00 	-999.00 	-999.00 	
20130520	50000	-999.00 	-999.00 	-999.00 	-999.00 	73.60 	345.90 	49.1	355.1	26.6	7.1	26.9	36.7	25.7	34.4	29.3	19.6	29.3	18.9	36.1	4.8	39.1	356.6	32.3	350.7	31.8	330.5	24.5	321.3	25.9	307.6	26	297.9	28.3	283.7	25.2	267.9	31.1	271.7	27.4	267.5	33.4	270.2	35.6	269.2	32.1	269.8                   -999.00 	-999.00 	-999.00 	-999.00 	
20130520	60000	-999.00 	-999.00 	-999.00 	-999.00 	58.10 	7.40 	39.4	355.2	37.7	347	24.9	341	16	3.9	18.3	28.4	14.4	26.7	12.8	0.5	10.9	357.4	9.5	346.6	9.6	282.6	7.6	314.5	12.1	263.8	11.7	254.7	16.8	254.2	14.2	255.8	16	268.2	17.8	264.5	19.2	274.5	17.8	277.4	17.6	288.9                                 -999.00 	-999.00 	-999.00 	-999.00 	
20130520	70000	-999.00 	-999.00 	-999.00 	-999.00 	7.10 	334.90 	10.8	59.9	25.3	3.9	22.5	3.6	11.3	331.4	6	268.1	8.3	237.3	12.3	232.9	14.5	235.7	17.3	249.1	16.6	245	14.9	250.3	9.5	239.7	14.3	235	9.3	242.6	13.6	251.6	12	263.8	13.9	256.3	11.6	265.6	11.3	270.5	11.7	278.3                                   -999.00 	-999.00 	-999.00 	-999.00 	
20130520	80000	-999.00 	-999.00 	-999.00 	-999.00 	8.00 	252.50 	30.3	161.2	31.6	158.5	14.5	147.1	17.7	148.7	24.6	148.1	19.9	168.1	15.9	180	15	168.8	13.1	171.2	15	162.5	7.9	185.1	11.2	223.2	9.3	279.3	7.9	246	7.7	280.4	5.9	264.2	11.6	286.1	6.8	270.8	12.2	292.1	7.1	270.8                                     -999.00 	-999.00 	-999.00 	-999.00 	
20130520	90000	-999.00 	-999.00 	-999.00 	-999.00 	37.00 	193.80 	43	143.8	68.1	163.2	59.1	169.2	51.8	179.9	43.5	171.3	28.9	153.3	24.2	152.5	21.4	148.8	18.6	154.8	18	156.7	16.4	153.6	9.2	166.9	7.3	132.2	5.8	210.1	0.4	0	2.7	28.4	4.8	91.2	4.9	129.2	3.1	99.2	1.9	68.8                                        -999.00 	-999.00 	-999.00 	-999.00 	
20130520	100000	-999.00 	-999.00 	-999.00 	-999.00 	13.80 	223.50 	47.1	158.7	68.3	162.8	68	170	49.6	168.1	47.7	154.7	42.7	157.9	19.9	158.7	9.7	171.7	11.9	185.3	6.7	218.9	9.6	228.8	12	230.1	10.8	247.7	17	287.8	16	280.1	13.6	291.6	12.1	270	14	260.5	16.8	271.4	10.9	264.2                               	-999.00 	-999.00 	-999.00 	-999.00 
20130520	110000	-999.00 	-999.00 	-999.00 	-999.00 	7.30 	127.80 	43.1	183.5	84.1	174.3	77.8	164.1	71	171	65.4	170.8	58.4	168.8	37.2	166	9.2	146.5	7.5	19.4	11.4	8.6	9.4	21.1	13.5	15.1	5.6	37.7	11.3	52.9	4.5	54.9	4.4	5.2	8.1	31.3	5.1	20.6	7.6	92.3	7.5	74.5                                            	-999.00 	-999.00 	-999.00 	-999.00 
20130520	120000	-999.00 	-999.00 	-999.00 	-999.00 	21.30 	56.30 	38.7	168.4	68.1	180.5	66.6	166.9	55.1	168.9	39.6	170.7	23.8	160.1	6.8	87.5	18.3	37.4	13.6	40.2	13.6	25.3	14.4	26.9	12.1	10.9	5.3	325.7	8.5	346.4	10.1	320.6	7.4	286.5	5.3	284.3	7.6	253.2	9.4	277.4	3.6	298                             	-999.00 	-999.00 	-999.00 	-999.00 
20130520	130000	-999.00 	-999.00 	-999.00 	-999.00 	27.40 	42.50 	22.4	185.6	40.1	183.2	32.5	163.9	17.4	157.4	20.2	68.5	26.8	20.3	26.5	13.3	25.5	13.2	13.9	2.5	20	354	19.4	0	18.8	350.2	19.8	351.3	13	348.9	13.2	7	6.4	349.2	4.4	356.1	7.3	75.8	7.2	25.5	9.5	86.4                                      	-999.00 	-999.00 	-999.00 	-999.00 
20130520	140000	-999.00 	-999.00 	-999.00 	-999.00 	62.10 	3.10 	22.4	358.2	10.2	26.8	14.9	0.8	27.1	21.6	31.8	34.1	31.8	17.9	28.4	12	30.7	7.7	28.2	357.2	19.3	9.2	16.8	359.7	9.7	276.5	7.7	247.8	9.6	237.8	5.5	198.1	2.2	177.4	4.3	270	5.2	226.6	2.1	289.3	6.3	121.4                                         	-999.00 	-999.00 	-999.00 	-999.00 
20130520	150000	-999.00 	-999.00 	-999.00 	-999.00 	109.50 	18.90 	38.3	16.1	37.3	331.9	36.1	342.6	36.1	341.6	40.2	343.8	37.7	356.6	31.4	341.6	25.7	331.4	18.6	317	22.3	293.6	17.2	274.3	17.7	279.8	17.8	289.6	9.1	284	7.2	303	3.2	311.2	3.4	333.4	4.9	112.9	5.9	136.4	7	152                                   	-999.00 	-999.00 	-999.00 	-999.00 
20130520	160000	-999.00 	-999.00 	-999.00 	-999.00 	83.30 	20.50 	39.2	359.9	37.7	330.6	52.1	338.7	57.1	343.1	43.4	339.9	36.6	326.1	29.4	311.6	22.3	291.3	13.9	273.7	9.9	272.9	7.5	264.7	7.2	246.3	7	254.2	6.4	257.3	9.8	261.2	7.7	265.5	6.3	321.5	12.8	305.2	10.3	263.8	9.2	256.9                               	-999.00 	-999.00 	-999.00 	-999.00 
20130520	170000	-999.00 	-999.00 	-999.00 	-999.00 	57.30 	31.10 	21	37.3	24.9	339.8	35.4	350.3	42.7	346.9	36.8	327.6	26.4	321.3	24.7	311.1	21.4	289.1	23.5	283.3	17.7	268.7	18.7	296.3	17.1	274.7	11.6	285	11.9	295.5	7.6	279.1	5.7	284.3	1.5	262.4	3.1	307.2	4.4	244.6	6.8	241.2                           	-999.00 	-999.00 	-999.00 	-999.00 
20130520	180000	-999.00 	-999.00 	-999.00 	-999.00 	32.70 	19.50 	5.6	111	4.1	354.4	16.7	15.9	16.8	349.7	16.9	344.9	13.4	316.8	17.3	292.7	19	287.5	15.5	284.2	17.8	269.7	13.2	261.8	12.7	262.8	8.1	285.1	3	235.8	5.8	255	3.7	270	3.8	122	1.5	113.2	4	243.4	3.9	280.4                                             	-999.00 	-999.00 	-999.00 	-999.00 
20130520	190000	-999.00 	-999.00 	-999.00 	-999.00 	19.00 	35.40 	20.4	152.9	27.2	147.6	20.2	139.8	4.4	111.3	10.7	120.9	11.4	150.5	10.2	197.2	7.6	225	12	235.9	6.9	210.3	4.9	178.8	4	180	6.5	138.7	5.4	105.1	4	113.4	1	299.1	2.8	316.5	3.4	175	2.7	34.3	0.6	141.3                                                   	-999.00 	-999.00 	-999.00 	-999.00 
20130520	200000	-999.00 	-999.00 	-999.00 	-999.00 	100.30 	155.50 	76.6	166	66.3	175.6	59.2	180.8	43	178	25	173.1	17.1	168.2	10.4	171.7	16.6	159.9	19.9	153.1	24.5	160.5	28.2	162.5	28.1	160.2	26.3	169.9	18.8	158.5	19.1	152	16.5	170.3	12	152.8	2.2	103.4	4.3	352.1	6.2	348                               	-999.00 	-999.00 	-999.00 	-999.00 
20130520	210000	-999.00 	-999.00 	-999.00 	-999.00 	107.70 	148.70 	85.8	156.6	94.4	154.7	80.1	171.5	61.4	192.9	52.2	198.8	43.7	193.9	30.6	171.7	23.6	137.1	21.7	128.8	18.2	135.4	13.9	132.4	6.3	110.5	6.7	96	6.6	83.1	10	44.2	6.2	42.4	7.6	315	0.9	319.4	6.8	256.4	5.8	208.8                                 	-999.00 	-999.00 	-999.00 	-999.00 
20130520	220000	-999.00 	-999.00 	-999.00 	-999.00 	-999.00 	-999.00 	71.3	163.6	82.3	160.5	83.8	160.4	85.5	173.6	81.2	188.9	77.1	193.8	61.7	195.5	26.8	199	3.2	241.8	7.8	46	5.7	0	2.9	7.8	7.5	312.8	6.7	302.3	8.1	316.5	13.3	308	8.3	326.3	6.9	349.2	4.4	17.2	6	111.5                                           	-999.00 	-999.00 	-999.00 	-999.00 
20130520	230000	-999.00 	-999.00 	-999.00 	-999.00 	-999.00 	-999.00 	78.7	162.6	78.2	167	86.9	162.9	82	162	81	171.7	88.2	191	66.8	197.2	42.1	197.8	9.3	214	16.2	40.3	11.3	6.1	11.6	290.8	10.1	269.4	11.1	279.9	7.4	301.8	7.2	317.3	1.4	59.7	4.7	224.1	6.7	170.5	6.3	99.2                                    	-999.00 	-999.00 	-999.00 	-999.00 
20130521	00000	-999.00 	-999.00 	-999.00 	-999.00 	-999.00 	-999.00 	80	162.5	57.1	159.2	77	163.3	71	178.9	68.2	201.6	68.1	209.8	56.8	200.2	37.6	188.1	11.4	221.8	9.6	53.5	10.3	40.7	1	180	3.9	194.7	6.4	147.8	2.1	112.8	4.3	60.4	10	67	10.2	87.8	10.3	95	12.3	87.2                                      -999.00 	-999.00 	-999.00 	-999.00 	
