20130310	0	-999	-999	-999	-999	-999	-999	-999	-999	52.9	133.9	67.8	130.7	46.6	128.5	49.5	123.9	45.5	122.6	41.1	114.6	39.8	129.3	41.3	138.8	29.7	147.2	24.2	146.1	16.8	156.8	13	158.4	4.2	139.8	6.6	40.7	12.4	110.3	16	110.8	-999	-999	-999	-999
20130310	10000	-999	-999	-999	-999	-999	-999	-999	-999	46.5	136.3	36.8	139.1	41.3	131.2	38.8	122.4	26.8	112.8	24.1	111.1	21.9	115.4	21.2	107.3	17	106.1	15.6	102.2	14.4	85.2	14.4	63.6	13.1	65.2	16.2	39.5	13.7	52.7	10.5	29.7	-999	-999	-999	-999
20130310	20000	-999	-999	-999	-999	-999	-999	-999	-999	-999	-999	32	142.9	35.9	138	27.9	139.1	19.3	121.5	16.8	118.4	20.3	99.1	22.1	87.9	22	104.7	24.3	87.2	25	77.3	23.4	70.6	25.7	69.2	28.4	64.1	30.6	64	29.1	70.5	-999	-999	-999	-999
20130310	30000	-999	-999	-999	-999	-999	-999	-999	-999	-999	-999	47.6	137.5	59.3	144.2	57.4	141.7	48.1	137.3	38.8	135.9	31.3	129.5	22.2	131.2	14.9	111.6	12.3	122.4	9	119.4	4.7	85.1	5.4	57.8	4.4	35.8	9.5	85.2	10.9	95.2	-999	-999	-999	-999
20130310	40000	-999	-999	-999	-999	-999	-999	-999	-999	-999	-999	23.4	151.4	46.2	148.1	40.7	141	24.7	139.6	21.3	122	14.2	96.9	12.4	54.5	15.2	60.1	17.7	86.8	17.2	99.7	21	93.5	23.1	100.5	19.3	89.4	13.7	91.7	13.8	70.5	-999	-999	-999	-999
20130310	50000	-999	-999	-999	-999	-999	-999	-999	-999	5.7	233.5	11	265.8	42.7	9	40.4	8	30	6.9	18.6	9	16	24.8	9.9	53.2	14.3	42.7	14.9	35.7	11.6	20.8	11.3	9.7	12.4	328.9	10.6	262.9	13.9	244	14.7	240.6	-999	-999	-999	-999
20130310	60000	-999	-999	-999	-999	-999	-999	-999	-999	25.1	316.1	35.3	315.6	60.7	337.1	61.3	344.3	67.3	339.3	62.6	341.8	59.8	354.1	52.3	5	50.2	9.7	39.1	17	31.9	14.7	19.1	20.5	7	24.4	2.7	190.5	1.6	206.6	11	161.4	-999	-999	-999	-999
20130310	70000	-999	-999	-999	-999	-999	-999	-999	-999	24.1	330.7	39.1	353.7	54.2	353.3	54.9	352.7	52.4	344.1	49.4	343.1	47.4	336.4	36.5	337.6	32.6	327.3	27.1	306.4	18.4	293.8	16.6	306.9	17.7	338.1	18	328.9	17.7	353.2	9.5	34.7	-999	-999	-999	-999
20130310	80000	-999	-999	-999	-999	-999	-999	54.8	40	13.1	354.3	42.6	9.2	32.8	358.4	23.3	3.7	12.6	12.4	9.9	25	6.4	27.8	6.4	17.3	5.3	50.3	6.1	33.7	6.3	12.9	4.2	328.6	9.1	289.2	13.6	288.8	20.4	286.2	26.1	281.1	-999	-999	-999	-999
20130310	90000	-999	-999	-999	-999	-999	-999	10.4	289.1	15.8	335.4	15.4	301.2	20.2	301	15.1	302.5	13.2	310.1	13.2	284.5	6.8	287.9	11.3	337.5	14.6	4.3	26.6	3	36.6	3.3	50	5.6	59.1	6.8	59.7	356.4	60.5	354	60.8	350.7	-999	-999	-999	-999
20130310	100000	-999	-999	-999	-999	-999	-999	9.3	18.2	7.2	336.3	12.2	19.6	8.9	36.4	5.6	90	9.2	92.5	10.3	112.3	8.3	120.3	7.6	132.9	7.1	138.4	7.3	124.3	7.9	100.9	2.3	39.8	5.1	32.1	15	29.5	15.7	350.1	15.9	342	-999	-999	-999	-999
20130310	110000	-999	-999	-999	-999	-999	-999	25.3	140.8	6.3	127.2	4.4	159.9	5.2	293.6	9.1	244.6	10.3	239.7	4.7	253.9	10.3	241.7	7.1	225	8.5	262.5	3.7	304.1	6.5	255.7	6.3	281	1.6	330.3	11.2	320.1	7.1	354.4	4.1	346	-999	-999	-999	-999
20130310	120000	-999	-999	-999	-999	-999	-999	-999	-999	35.3	130.4	45.6	156.4	40.9	157.3	31.6	146.9	24.6	144.8	25.7	150.6	22.6	160.6	19.6	175.9	12	189.6	7.1	188.9	11	225.4	10.7	212.1	16.2	241.7	20.2	237.3	23	240.5	14.9	270.8	-999	-999	-999	-999
20130310	130000	-999	-999	-999	-999	-999	-999	-999	-999	60.1	134.2	83.6	155.7	67.4	149.4	66.1	147.4	52.8	149.9	46.1	155	44.7	161.1	31.9	170.8	23.7	175.9	11.7	211.4	11.4	247.9	11.6	269	6.7	290.1	4	95.7	7.1	7.3	5.6	64.8	-999	-999	-999	-999
20130310	140000	-999	-999	-999	-999	-999	-999	-999	-999	45.2	132.5	55.1	160.3	43.4	138.9	37.4	143	34.4	152.1	26.7	154.7	20.1	159.3	16.4	149.7	10.5	191	5.8	232.7	11.8	258.8	10.3	246.4	4.8	210.3	4.9	149.2	11	83.7	12.9	86.5	-999	-999	-999	-999
20130310	150000	-999	-999	-999	-999	-999	-999	-999	-999	44.5	141.8	46.5	158.2	53	157.4	48.1	159.7	45	155.4	33.3	162.5	22.8	164.5	18.9	166.8	16.2	178.9	9.2	215.2	9.8	256.4	1.8	250.6	1.4	278.1	4.2	178.6	7.1	107.9	12.1	95.7	-999	-999	-999	-999
20130310	160000	-999	-999	-999	-999	-999	-999	-999	-999	19.6	152.4	36.7	184.2	19.5	148.8	9	114.9	3.2	24.1	3.4	15.3	6.2	32.4	6.7	55.4	2.1	87.3	3.8	229.2	1.6	296.6	2.3	5	0.8	284	3.8	267	7.1	277.3	5.9	216.7	-999	-999	-999	-999
20130310	170000	-999	-999	-999	-999	-999	-999	-999	-999	15.4	338.3	4.6	330.1	11.2	330.4	18.2	332.2	20.6	337.4	22.5	328.4	18.7	320	15.6	323.4	14.2	316.4	16.8	309.7	12.4	297.4	15.3	295.2	14.4	276.8	17	266	23.9	264.2	18.6	255.4	-999	-999	-999	-999
20130310	180000	-999	-999	-999	-999	-999	-999	30.5	315.5	36.5	329	49.4	2.4	29.2	5.9	12.6	16.1	14.6	354.9	4.9	0	4.9	35.9	9.7	77.5	1.6	71.6	0.9	243.4	12.3	174.9	14.7	186.6	14.3	174.8	15	233.7	20.9	232.2	23.9	227.5	-999	-999	-999	-999
20130310	190000	-999	-999	-999	-999	-999	-999	33.8	303.2	51.3	342.5	54.1	4.5	44.6	357	32.8	354	20.1	356.9	9.6	324.3	8.8	319.6	7.4	358.5	5.1	308.7	9.6	244.8	2.8	265.9	5.6	227.2	11.1	220.3	16.5	243.4	21.9	233	22.5	245.3	-999	-999	-999	-999
20130310	200000	-999	-999	-999	-999	-999	-999	26.9	329.4	62.2	10.1	67.8	23.9	52.4	22.7	42.1	30.2	34.1	46.2	24.4	48	12	79	8.5	35	16.1	20.7	10.1	14.9	8.8	4.5	12.2	332.2	15.3	285.6	19.9	267.4	22	260.8	29	263.1	-999	-999	-999	-999
20130310	210000	-999	-999	-999	-999	-999	-999	10.4	311.5	32	24.7	36.1	28.5	35.9	27.6	28.5	25.1	30.6	28.1	27.9	19.5	28	10.3	27.8	16.9	22.7	22.8	17.4	2	10.8	5.9	8.7	33.3	3.6	0	18.4	311.5	22.2	293.1	25.2	292.9	-999	-999	-999	-999
20130310	220000	-999	-999	-999	-999	-999	-999	12.5	184.1	32	218.4	2.7	164.9	7.2	114.4	1.1	326.3	3.8	81	3.1	222.4	7.9	272.9	11.2	268.5	17.1	257.8	14.6	268.8	20.4	250.2	19.6	261.2	21	254.8	26.6	272.4	26.3	267	26	276.4	-999	-999	-999	-999
20130310	230000	-999	-999	-999	-999	-999	-999	45.7	150.8	45.9	145	59	159	58.5	156.2	57.6	156.8	53.6	157.1	43.3	164.9	34.4	165	22.6	178.5	23.7	207.1	19.2	221.4	15.1	238.8	18	237.7	12.3	243.4	22.6	267	20.4	265.2	22.2	275.4	-999	-999	-999	-999
20130311	0	-999	-999	-999	-999	-999	-999	73.2	123.8	58.7	149.2	69.8	143.5	68.5	144	66.2	148.1	65.7	140.7	62.2	148.8	54	151	50.3	144.4	48.9	146.9	42.4	134	37.2	137.5	33.1	145.6	23.3	149.9	15.4	136.8	8.9	108.4	5.4	133.5	-999	-999	-999	-999
20130311	10000	-999	-999	-999	-999	-999	-999	-999	-999	62.2	136.2	66	132.7	54.1	124.7	49.4	121.5	38.3	112.3	32.4	113.6	22	107.7	14.5	101.9	16.1	112.3	10.2	90.6	13.3	99.1	11.8	110.3	16.2	112.5	20.9	127.8	20.4	118.7	23	123.1	-999	-999	-999	-999
20130311	20000	-999	-999	-999	-999	-999	-999	-999	-999	68.4	124.3	61.6	137.9	62.3	129.3	50.2	131.9	47.7	129.6	40.7	119.4	31.5	117	27.6	114.6	26.6	113.7	19.6	115	18.8	123.9	11.5	139.9	7.6	119.3	12.7	67.3	13.8	77.5	14.8	57.4	-999	-999	-999	-999
20130311	30000	-999	-999	-999	-999	-999	-999	-999	-999	-999	-999	45.3	134.7	43.6	125.5	37	121.3	28.3	131.6	23.2	134.7	13.2	132.2	13.6	132.6	5.3	99.8	7.9	116.2	4.9	144.1	5.4	77.2	2.9	52	7.2	60.9	6	66.4	9.6	76.1	-999	-999	-999	-999
20130311	40000	-999	-999	-999	-999	-999	-999	-999	-999	-999	-999	38.7	147.1	52.6	143	45.4	142.9	40.9	142.5	30.8	133.7	26.1	141.7	17	143.9	11.4	117.7	7.8	83.3	3.7	77.5	6.3	66.7	3.4	34.2	1.6	14	6.9	338.7	8.9	25.1	-999	-999	-999	-999
20130311	50000	-999	-999	-999	-999	-999	-999	-999	-999	25.5	180.9	18.8	172	15.2	117.4	17.6	74.5	20.4	46	18.7	45.9	18.6	47.4	14.5	65	15.7	85.2	15.2	78.6	10.1	106.6	4	67.9	2.5	23.5	9.9	271.2	14.2	250.3	13.3	238.8	-999	-999	-999	-999
20130311	60000	-999	-999	-999	-999	-999	-999	-999	-999	26.8	300	23.9	300.8	17.3	289.3	14.2	324.2	18	335	26.7	1.9	34.1	10.8	42.2	12	46.1	11.3	50.8	22.1	55.3	21.2	60.7	21.7	62.3	23.8	62.9	20.5	59.4	17.9	57.7	22	-999	-999	-999	-999
20130311	70000	-999	-999	-999	-999	-999	-999	-999	-999	11.5	314.6	15.5	6.3	19.3	13.8	13.1	18.7	6.8	34.9	10.6	37.3	12.3	43.7	14.3	54.4	14.4	59.5	10.1	4.5	5.4	56.3	2.9	226.4	6.7	202	6.5	124.9	7.8	86.3	9.4	196.1	-999	-999	-999	-999
20130311	80000	-999	-999	-999	-999	-999	-999	18.8	13.5	18.3	316.5	52.3	7	44.5	357.2	32.7	357	21.9	10	9.8	43.3	9.6	67.4	9.8	65.8	2.4	94.8	6.6	243.8	12.4	198.3	13.3	217.4	17.1	187.8	25.2	210.5	31.8	234.5	28.9	255.4	-999	-999	-999	-999
20130311	90000	-999	-999	-999	-999	-999	-999	28.1	282.3	20.8	283	36.3	2.1	32.4	8.7	18.2	11.7	11.3	8.1	7.7	85.5	11.6	107.5	13.5	140.4	18.8	156.8	22.1	163.4	30.7	180.4	23.3	196.5	26.4	214.7	24.1	242.3	24.6	241.9	22.3	246.8	-999	-999	-999	-999
20130311	100000	-999	-999	-999	-999	-999	-999	12.9	285.8	15.1	324.4	19.4	3.5	21.5	10.7	15.7	25.3	9.8	40.9	6.7	46.8	10.4	101.6	7.8	140.2	8.4	159	5.8	149.9	12.5	154.9	16.2	166.4	16.8	136.4	19	120.1	17.5	163	12	196.9	-999	-999	-999	-999
20130311	110000	-999	-999	-999	-999	-999	-999	15.7	330.2	21	274.7	20.6	351.9	16.7	345.5	15	11.2	10.7	4.3	10.3	6.2	11.6	18.6	13.5	39.6	10.8	4.2	8.8	17.2	13.6	15	11.8	351.3	7.9	310.4	1.7	260	8	231.1	9.7	241.6	-999	-999	-999	-999
20130311	120000	-999	-999	-999	-999	-999	-999	20.7	174.7	30.6	186.6	17.7	129.3	14.2	157.2	15.5	174.4	10.4	183.9	16.3	167.9	14.7	156.8	12.8	167.4	13.6	177.1	9.6	200.1	14.3	204.8	11.3	216.4	14.4	227.2	16.3	244.2	17.3	252.8	14.1	265.1	-999	-999	-999	-999
20130311	130000	-999	-999	-999	-999	-999	-999	65.4	159.1	52	131.9	81.5	146.9	81.7	148.6	67.3	148.2	62.6	147.4	47.9	150.1	40.6	151.8	30.6	150.8	21.4	160	17.5	173.4	10.7	181.1	11.7	203.7	11	220.9	13.5	235.3	13.3	229.6	8.1	229	-999	-999	-999	-999
20130311	140000	-999	-999	-999	-999	-999	-999	-999	-999	69.2	138.3	77.9	136.5	63.9	135.8	60.9	138.5	56.2	141.7	42.1	145.4	32.5	144	23.5	143.7	16.1	133.7	12.8	155	9.1	124.2	11	128.7	9.5	144.5	10.1	344.4	7.7	306	6.3	325.3	-999	-999	-999	-999
20130311	150000	-999	-999	-999	-999	-999	-999	-999	-999	63.2	136.7	83.3	149.7	79.1	143.7	68.1	143.6	59.9	140	59.1	143.5	51.7	143	54.4	134.5	42.8	135.1	43.2	134.7	39.3	131	37.7	123.1	36.3	131.3	33.4	132.3	24.2	140.9	18.6	139.8	-999	-999	-999	-999
20130311	160000	-999	-999	-999	-999	-999	-999	-999	-999	37.3	133.2	47.1	148.6	52.4	145.5	45.2	143.3	35.1	144.3	37.1	145.8	30.2	146.9	23	150.9	14.3	168.3	5.7	204.8	2.8	242.5	4.3	219.3	5.4	123.7	10.7	77.5	13.8	112.1	11.4	91.5	-999	-999	-999	-999
20130311	170000	-999	-999	-999	-999	-999	-999	-999	-999	11.3	11.7	7.5	165.4	5.1	70.5	10.8	24.7	18.7	50.9	22.1	43.7	19.3	56.6	4.8	82.9	3	248.6	12.4	283	14.1	256.1	12.3	253.9	11.1	277.8	6.2	256	6.7	260.5	3.1	260.8	-999	-999	-999	-999
20130311	180000	-999	-999	-999	-999	-999	-999	36.4	24.7	15.1	303.7	62.9	18.3	57.5	13.9	47.4	5.8	33.3	3.6	24.7	351.4	13.4	0.4	11.2	346.6	5.8	309.4	10.2	241.9	14.8	241.7	21.5	235.8	21.3	240.8	24.1	248.6	25.1	234.9	23	245.1	-999	-999	-999	-999
20130311	190000	-999	-999	-999	-999	-999	-999	42.4	255	60.3	277.1	46.9	312.6	32.9	280	46.5	266.1	54.3	251.1	53	245.4	53.7	229.9	54	221.5	42.2	212	34.2	203.6	28.7	183.4	31.8	187	26.8	204.7	21	227.5	21.1	246	18	246.4	-999	-999	-999	-999
20130311	200000	-999	-999	-999	-999	-999	-999	29.7	304.9	37.4	331.6	47.6	351.3	21.8	350.8	8.9	8.4	6.4	90	18.2	126.5	24.1	119.3	18.7	153.3	18.4	172.8	17	194	8.4	206.3	13.4	195.6	7.4	276.2	16.4	267.6	18.6	257.6	15.3	242.3	-999	-999	-999	-999
20130311	210000	-999	-999	-999	-999	53.8	356.3	27	322.5	47	348	35.4	354.5	18.9	15.9	6.8	52.8	10.4	120	3.7	214.1	10.8	241.8	8.5	258.4	13.6	261.1	17.1	264	24.4	276.6	26.1	295.4	30.2	300.1	23.8	285.1	26.2	274.4	23.2	256.3	-999	-999	-999	-999
20130311	220000	-999	-999	-999	-999	15.4	335.1	12.5	309.8	52.1	24.4	48.1	28	47	20.6	41.8	22.3	37.3	24.7	30.7	21	28.2	21.5	26.6	22	15	42.8	14.5	40.3	11.1	95.1	11	127.6	6.7	128.9	12.5	94.6	16.5	84.8	18.9	83.3	-999	-999	-999	-999
20130311	230000	-999	-999	-999	-999	50	89.8	8.1	175.8	11	197.4	5.3	175.7	2.3	85	4.1	97	5.9	87.1	7	49	6.2	45	3.8	299.9	8.2	299.1	9.3	253.1	12.7	257.7	19.3	268.8	20.1	272	26.1	258.9	26.9	269.4	25.4	264.1	-999	-999	-999	-999
20130312	0	-999	-999	-999	-999	-999	-999	32.4	146.2	56.9	146.5	57.8	147.7	52.5	141.7	51.3	147.2	41.7	146	34.9	158.7	32.5	157	31	160.8	26.9	168	24.8	181.8	25.3	188.2	23.5	191.5	18.3	189.8	18.4	213.7	15.9	231.1	27.4	251.5	-999	-999	-999	-999
20130312	10000	-999	-999	-999	-999	-999	-999	45.1	147.5	41.5	156.4	39.4	145.1	31.7	141.3	24.9	146	19.2	123.1	14.4	107.8	11.3	99.7	6.9	79.2	13.8	73.5	16.1	62.6	8.8	21.3	12.4	16.8	12.7	3.2	5.6	44.3	4.9	342.3	3.5	158.5	-999	-999	-999	-999
20130312	20000	-999	-999	-999	-999	-999	-999	-999	-999	68.2	142.7	73.6	137.7	61.6	137.2	49.9	133.5	46.9	129.5	36.9	119.6	28.3	113.8	24.9	109.7	19.7	80.3	21.9	87.9	20.1	69	18	87.5	20.8	63.2	25.5	67.9	22.7	59	24.3	62.3	-999	-999	-999	-999
20130312	30000	-999	-999	-999	-999	-999	-999	-999	-999	100.2	136.1	94.9	138.8	88	133.9	77.1	135.3	70.4	131.7	64.8	128.9	53	132.1	45	137.9	35.7	133.3	30.6	151.3	24.3	167.6	23.7	156.4	19.1	178.8	15.1	218.5	29.2	225.1	24.1	217.1	-999	-999	-999	-999
20130312	40000	-999	-999	-999	-999	-999	-999	-999	-999	92.6	145.7	78.6	148.6	88.3	142.6	82.2	139.5	73.1	140.2	66	139.5	57.5	139.8	53.6	139.4	45.5	136.5	37.6	138.7	35.6	138.3	27.8	146.1	27.4	140	23.1	126.4	21.5	143.1	19.2	150.4	-999	-999	-999	-999
20130312	50000	-999	-999	-999	-999	-999	-999	-999	-999	31.6	166.1	33	161.1	42.9	164.9	42.2	158.3	39.4	149.5	39.6	140.6	28.7	139.1	25.1	138.9	20.8	117.4	22.5	122.8	20.5	115.4	11.6	103	6	92.9	3.3	109.5	9.7	40.4	14.7	93.9	-999	-999	-999	-999
20130312	60000	-999	-999	-999	-999	-999	-999	-999	-999	11.1	330.2	19.5	249	3.2	228.8	3.9	37.7	8.7	43.6	11.9	52.8	13.1	43.5	11.7	38.7	11.6	78.6	6	106.3	3.9	117.2	3.8	230.4	5.3	260.2	16.3	270	16.6	268.6	12.9	274.9	-999	-999	-999	-999
20130312	70000	-999	-999	-999	-999	-999	-999	-999	-999	23	293.9	46.7	339.2	54.2	352.7	58.1	351.7	51.6	355.1	45.5	352.9	39.9	354.2	33.7	337.1	19.2	338.6	7.2	326.3	3.1	330.9	7.2	161.3	9	172.3	11.8	134.7	15.3	142.5	15.5	162.7	-999	-999	-999	-999
20130312	80000	-999	-999	-999	-999	-999	-999	13.4	324.4	25.7	290.5	32.1	355.5	26.7	9.9	27.9	15.8	28.5	26.7	28.1	14.4	24.6	20.2	22.1	20.6	18.3	12	10	0	4.1	348.7	3.8	97.5	8.6	310.7	11.1	292.9	21.1	289.4	20.6	278.6	-999	-999	-999	-999
20130312	90000	-999	-999	-999	-999	-999	-999	15	319.3	21.9	297.5	33.7	352.7	22.7	346	20.4	353.5	16.6	345.7	19.8	343.6	19.5	357.4	15.2	1.1	7.2	343.8	5	222.6	8.9	238.8	9.4	260.2	9.6	259.2	8.5	257.1	10.3	253.7	8	295.9	-999	-999	-999	-999
20130312	100000	-999	-999	-999	-999	-999	-999	16.7	271	17.6	328.5	34.9	341.8	41.7	2.1	42.4	18.9	41	12.8	47.5	16	39.2	18.3	39.2	11.6	32.7	20.6	23.4	16.9	24.4	33.3	27.1	34.2	28.6	38.5	25.3	42.6	32.9	34.2	35	31.9	-999	-999	-999	-999
20130312	110000	-999	-999	-999	-999	-999	-999	15.7	347.9	15.8	31.6	30.6	17.7	23.9	27.4	17.8	26.7	14	20	6.9	357.5	0.6	251.6	1	246	4.7	178.8	8.4	269.3	10.7	257	12.6	259	9.7	244.2	15.9	242.3	17.4	254	21.4	252.9	-999	-999	-999	-999
20130312	120000	-999	-999	-999	-999	-999	-999	15.7	102.2	38.2	174.6	23.4	148.8	14.4	168.4	14.8	151.7	9.7	146.3	9.9	161.2	15.8	171.3	17.6	172.8	9.5	177.6	13.5	217.8	8.7	242	12.4	225	10.9	238.5	17	267.3	20.6	263.3	14.9	282.8	-999	-999	-999	-999
20130312	130000	-999	-999	-999	-999	-999	-999	44.5	135.5	60.7	150.2	76.3	145.3	56.9	145.7	50.9	141.1	43.2	130.4	36.8	135.2	29.7	126.8	28.8	148.2	25.6	146.6	17.5	167.5	11.9	172.8	9.3	221.9	16.6	249.2	19.7	246.4	22.5	247.2	24.1	258.7	-999	-999	-999	-999
20130312	140000	-999	-999	-999	-999	-999	-999	-999	-999	18.2	108.9	23.8	106.1	23.7	93.6	16	89.3	23.3	59	25.7	64.9	16.7	73	13	62.4	12.5	41.4	7.4	17.2	10.9	50.9	12.4	62.2	10.2	77.6	10.1	91.1	18.1	82.7	19.6	90	-999	-999	-999	-999
20130312	150000	-999	-999	-999	-999	-999	-999	-999	-999	41.9	129.3	42.8	137.9	36	137.5	31.9	135.9	18.9	141.4	13.8	127.9	11.5	112.5	2	87.1	6.4	80.1	2.9	164.1	5.9	38.8	4.9	39.2	7.6	94.5	12.2	135	11.7	112.6	19.3	113.8	-999	-999	-999	-999
20130312	160000	-999	-999	-999	-999	-999	-999	-999	-999	46.2	134.9	31.3	144	29.4	139.1	19.9	131.9	13.3	124.9	13.3	113.5	6.1	116.1	10.5	78.5	15.8	97.6	10.9	82.1	9.9	68.6	7.5	26.9	6.1	45	5.9	15.7	2.6	90	3.7	23.8	-999	-999	-999	-999
20130312	170000	-999	-999	-999	-999	-999	-999	-999	-999	27.1	115.3	24.9	114.4	31.5	79	31.9	83.5	29.4	79.4	28.7	70.1	24.3	75.2	21.4	76	19.9	56.9	19.7	53.2	18.6	54.6	18.3	41.7	15	26.9	12.3	48.9	11.4	57.1	17.9	56	-999	-999	-999	-999
20130312	180000	-999	-999	-999	-999	-999	-999	-999	-999	16.4	333.1	41	21.9	62.3	35.4	65.2	33	61.8	35.2	60.2	32	54.4	32.5	43	27.7	37.7	19.5	32	12.6	30.5	353.2	18.9	328	12.9	320.6	7.9	219.3	7.9	223	9.5	204.9	-999	-999	-999	-999
20130312	190000	-999	-999	-999	-999	-999	-999	40.8	358.6	32.8	313.1	45.9	351.2	42.3	346.6	36	330.2	32.2	324.7	22.6	315.4	11.4	308.6	8.7	285.9	11	229.8	12.4	226.6	16.2	187.8	17.4	179.3	18.6	202.1	16.4	206.9	23.9	196.3	25.5	216.4	-999	-999	-999	-999
20130312	200000	-999	-999	-999	-999	-999	-999	22.7	286.4	21.7	325.5	29.4	19.9	8.5	94	13.4	120	13	133.8	24.1	130.6	22.2	139.2	26.3	183.3	21.3	201.8	19.3	219.1	20.7	209.8	16	221.5	18.7	234.8	20	251	21.4	248.3	20.3	235.4	-999	-999	-999	-999
20130312	210000	-999	-999	-999	-999	-999	-999	30.2	286.5	60.1	359.6	68.7	12.3	52.6	13	38.8	10.2	25.7	18.9	15.1	35.1	18.3	69.5	14.4	78.4	5.7	42.1	3.1	155.1	3.5	56.8	13.8	194.7	11.6	237.7	11.5	246.3	14.6	262.9	23.5	264.9	-999	-999	-999	-999
20130312	220000	-999	-999	-999	-999	-999	-999	8.9	333.1	51.1	9.1	49	10.1	45.8	7.9	36.3	11.1	29.5	21.7	23.7	29.1	9.8	45	8.2	353.7	5.2	8.9	4.2	303.3	11.8	272.4	11.9	264.2	17.6	233.3	16.6	227	17.2	233.3	22.9	230	-999	-999	-999	-999
20130312	230000	-999	-999	-999	-999	-999	-999	18.7	36.5	4.1	245.3	4	63.4	7.7	254.2	5.5	261.6	5.6	202	9.6	256.7	9.3	232	9.6	240	7.5	262.3	10	257.3	8.9	251	8.5	273.4	7	258.5	6.6	257.8	6.7	258.9	6.5	239.5	-999	-999	-999	-999
20130313	0	-999	-999	-999	-999	-999	-999	24.6	138.1	34.2	159.3	27.6	159.9	19.7	174.2	9.3	201.3	15.2	227.4	10.9	235.9	12.8	245	14.3	246.5	20.2	241.9	17.9	236	17.8	226.4	14.3	238.4	16.6	237.1	18.4	237.2	17.6	227.3	19	242.8	-999	-999	-999	-999
20130313	10000	-999	-999	-999	-999	-999	-999	66.2	156	69.8	158.2	73.9	140.9	63.7	142.7	57	137.9	51.9	139.2	45.8	137.6	38.4	144.5	37.6	146.1	33.2	152.2	29	159.4	29.6	167.9	35.4	168.8	32.8	180	30.7	186.7	26.1	180.9	19.7	201.1	-999	-999	-999	-999
20130313	20000	-999	-999	-999	-999	-999	-999	-999	-999	50.7	138.9	67.5	141.6	56.1	134.8	50.7	139.2	39.6	145.6	35.2	147.9	35.1	145.8	33.3	139.4	29.1	136.1	30.1	134.2	21.3	147.3	14.5	168.5	9.3	147.7	10	157.8	9.7	111.3	11.3	171.9	-999	-999	-999	-999
20130313	30000	-999	-999	-999	-999	-999	-999	-999	-999	49	114.2	52.2	149.4	38.9	139.1	28.9	138.1	21.3	117	22.2	98	20.9	80.1	24.1	63.9	22.7	61.1	19.5	56.3	19	21.3	19.9	1.7	14.5	18.9	16.1	38.9	16.6	67.3	18	73.9	-999	-999	-999	-999
20130313	40000	-999	-999	-999	-999	-999	-999	-999	-999	77.3	145.9	39.6	146.1	44.1	152.9	43	150.2	40.9	149.6	35.9	147.6	25.3	150.1	23.6	150.8	20.4	136.4	8.9	111.1	18.4	156.2	10.1	131.8	8.6	108.2	13.1	80.3	18.7	93.7	21.5	78.2	-999	-999	-999	-999
20130313	50000	-999	-999	-999	-999	-999	-999	-999	-999	-999	-999	17.9	139.1	19.1	117.5	14.6	110.1	11.6	127	13.4	130.5	7.7	84.1	9.9	122.2	9.1	55.8	12	35.8	10.5	42.3	10.8	55.6	3.4	71	14.7	118.8	12.7	121.8	24	109.7	-999	-999	-999	-999
20130313	60000	-999	-999	-999	-999	-999	-999	-999	-999	6.1	87.2	6.5	17	6.4	42.5	7.1	19.7	11.2	23.1	7.1	4.8	7	14.8	6.1	11.3	7.9	332.1	6.8	21.6	6.1	5.6	6.7	11.1	6.8	359.2	8	0	8.7	326.7	7.1	1.6	-999	-999	-999	-999
20130313	70000	-999	-999	-999	-999	-999	-999	-999	-999	10	350.3	31.5	345.5	45.4	2.1	40.4	349.9	41.8	350.6	40.6	341.8	34.2	335.7	37.6	345.7	37	342.4	27.1	348.1	27.5	344.6	23.9	332	27.5	327.5	25.3	311.3	23.9	312.6	19.3	307.6	-999	-999	-999	-999
20130313	80000	-999	-999	-999	-999	-999	-999	35.6	315.6	11.6	286.6	44	6.5	19.4	18.6	7.9	338.6	3.3	142.4	3.7	157.6	8.6	150.2	12.5	163.7	14.1	150.2	13	215.3	16	228.5	23.3	232.1	22.9	243.3	22.5	243.5	28.4	248.3	30.1	247.5	-999	-999	-999	-999
20130313	90000	-999	-999	-999	-999	-999	-999	25	353.8	22.6	312.5	33.8	7	21	9.1	22.1	19.6	9.5	34.7	15.5	88.9	27.2	101.7	27.3	130.4	27.4	136.2	25.3	142.2	22.7	161.2	10.6	198.1	13.8	241	15.8	252.4	19.4	262	25.8	259.7	-999	-999	-999	-999
20130313	100000	-999	-999	-999	-999	-999	-999	34.2	344.1	14.2	325.6	31.5	11.9	26.6	10.6	20.9	11.3	14.5	40.3	13.9	27.5	9.4	113.3	6.4	153	5.6	209.7	11.2	189.8	8.5	176.6	11.5	201.4	11.8	199.8	16.1	219.7	17	242.7	16.1	212.6	-999	-999	-999	-999
20130313	110000	-999	-999	-999	-999	-999	-999	16.3	358.6	6.9	298.4	9.8	12.3	2.9	0	6.6	102.3	0.8	270	2.5	139.9	0.6	288.4	3.6	113	2.4	117.6	7.3	92.4	6.3	49.5	12.4	54.5	15.8	55.3	16.8	12.4	18.3	15.2	19.7	3.5	-999	-999	-999	-999
20130313	120000	-999	-999	-999	-999	-999	-999	18.1	129.4	2.4	163.1	4.4	121.9	7.7	197.5	4.7	290	5.7	202.5	5.1	212.1	7.8	282.6	8	235.1	9.1	237.5	6.5	231.2	6.7	226.8	7	227.9	7.6	228.2	8.3	261	9.5	267.6	7.4	324.4	-999	-999	-999	-999
20130313	130000	-999	-999	-999	-999	-999	-999	50.6	152.1	30.8	150.9	48.9	145.7	44.6	149.2	41.6	153.9	37	166.2	33.8	174.4	22.4	169.4	21.8	192.4	19	198.1	18.6	215.6	18.5	218.9	20.3	201.6	19.3	239.2	18.5	247.7	26.4	268.9	29.5	266.9	-999	-999	-999	-999
20130313	140000	-999	-999	-999	-999	-999	-999	-999	-999	46.7	142	71.1	144.4	73.2	140.5	65.9	141.1	52.6	143.2	50.5	147.3	45.4	150.4	47.5	162.1	43.2	167.2	45.1	166.7	41.4	170.3	33.1	169.6	22.9	159.6	20.7	181.1	12.4	187.4	9.3	139.8	-999	-999	-999	-999
20130313	150000	-999	-999	-999	-999	-999	-999	-999	-999	56.6	133.4	60.2	146.9	52.3	144.7	44.7	144.9	38.9	146.4	23	150.9	20.5	132	12.2	122.7	11.9	111.2	1.7	342.6	8.2	355.1	2.2	5.2	4.6	15.3	8.8	46.8	10.6	70.7	20.3	83.8	-999	-999	-999	-999
20130313	160000	-999	-999	-999	-999	-999	-999	-999	-999	80.2	127	64.5	145.6	75.7	140	69.3	136.3	67.7	137.6	61	132.1	51.2	137.3	40.5	149.9	38.4	147.2	32.9	152.9	29.4	150.5	22.1	166.2	11.6	175.6	7.8	217.7	10.1	209.1	11.7	158.9	-999	-999	-999	-999
20130313	170000	-999	-999	-999	-999	-999	-999	-999	-999	60.5	125.6	35.9	141.3	45.7	136.2	40.6	140.7	27.6	137.9	25.8	133.9	12.4	115.7	8.7	115.1	7.5	117.9	4.8	95.9	11.7	72.6	12.6	107.6	11	94.7	16.6	111.9	19.8	100.2	17.6	99.8	-999	-999	-999	-999
20130313	180000	-999	-999	-999	-999	-999	-999	-999	-999	31.3	122.7	23.2	144.8	24.2	137	14.1	96.5	15.3	53.5	21.5	60.8	20.7	53.9	17.8	70.6	14.6	82.1	16.9	98.8	11.6	125.9	6.2	135.7	1.3	67.4	12.6	234.7	13.6	261.1	16.7	269	-999	-999	-999	-999
20130313	190000	-999	-999	-999	-999	-999	-999	-999	-999	19.8	311.5	33.5	311.1	48.2	8.2	45.3	10.3	45.1	12.6	34.4	13.6	30.9	12.1	26.4	4.1	19.9	350.4	12.3	334.1	16.9	302.2	21.5	289.5	25.9	269.3	34.5	265.7	33.8	261.5	31.9	259	-999	-999	-999	-999
20130313	200000	-999	-999	-999	-999	-999	-999	-999	-999	33.4	320.6	51.7	340.3	46	338.6	35.9	319.7	27.1	298.2	25.5	268.4	18.8	230	24.4	221.7	23.7	198.7	23.4	205	23.7	201	19.1	198.3	20.3	200.5	16.2	204.8	14.2	221	14.4	207.6	-999	-999	-999	-999
20130313	210000	-999	-999	-999	-999	-999	-999	58	297.8	57.5	321.2	67.7	357.2	50	356.9	33.9	352.2	24.6	349.2	16.4	359	3.8	61.4	8.3	0.7	12	54.5	9	58.6	4.9	49.1	4.9	163.4	4.5	186.3	9.3	210.4	13.9	244.9	17.5	248.3	-999	-999	-999	-999
20130313	220000	-999	-999	-999	-999	-999	-999	22.5	337.8	32.7	336.6	46.3	16.6	32.3	31.1	29.5	41.1	24.7	66.9	15.4	76.1	17.9	125.5	23.8	146	21.1	168.5	23	171	21.5	172.8	11.7	196.4	13.8	239.5	13.9	254.2	19.7	252.9	24.6	252.5	-999	-999	-999	-999
20130313	230000	-999	-999	-999	-999	-999	-999	18.5	269.4	21	327.1	32	21.7	24.3	17.8	12.5	34.2	7.2	46.1	10.2	139.8	13.5	153.1	19.2	171.9	19.2	180.6	20.2	163.6	24.4	149.8	17.9	144.5	19	153.7	26.6	169.4	19.3	175.5	21.1	189.6	-999	-999	-999	-999
20130314	0	-999	-999	-999	-999	-999	-999	16.7	138.9	1.3	18.4	6.6	212	4.1	164.2	4.1	91.4	2.1	351.9	5.3	51.2	7.6	312.9	7.3	339.1	8.7	343.2	11.8	343.7	18.8	342.3	19.1	337.9	21.3	330.2	14.6	330.4	9.4	306.7	15	267.3	-999	-999	-999	-999
20130314	10000	-999	-999	-999	-999	-999	-999	53.5	154.2	27.5	140.5	48.7	147.7	47.6	140.6	40.1	153.8	29.8	162.4	20.8	165.2	19.9	184.6	20.1	201	17.3	215.6	16.8	236.9	22.2	238.2	22.3	237.8	20.4	245.3	22.6	250.6	25.4	261.8	24.6	264.4	-999	-999	-999	-999
20130314	20000	-999	-999	-999	-999	-999	-999	63.9	141.4	42.8	147.3	77.7	148.3	73.9	145.5	66.6	144.9	60.2	145.5	52.2	147	42.7	150.9	33.1	163.7	31.1	163.2	29.3	161.5	29.9	173.1	21.4	192.2	27.8	196.1	29.7	222.5	23.8	229.1	30.5	263.6	-999	-999	-999	-999
20130314	30000	-999	-999	-999	-999	-999	-999	-999	-999	62.1	144.4	87.5	149.6	75.4	149.1	66.1	152.1	62.8	152.2	56.9	153.3	46.2	152.8	36.8	158.7	35.8	158	26	161.8	12.9	159.2	10.1	165.1	13.2	155.8	14	196.6	20.8	199	14.3	263.2	-999	-999	-999	-999
20130314	40000	-999	-999	-999	-999	-999	-999	-999	-999	57.6	115.9	49.5	144.1	40.2	133.7	31.8	137.9	28.7	142.5	21.7	135.6	16.2	138.2	8.5	159.4	7	121	0.6	59	2.3	145.6	6.8	343.7	9.1	342.8	5.3	307.3	9.8	57.4	11.3	64.8	-999	-999	-999	-999
20130314	50000	-999	-999	-999	-999	-999	-999	-999	-999	86.4	138.8	67.4	143.1	78.6	140.9	74.2	143.7	66.9	142.3	61.9	143.6	43.3	141.8	35.8	145	29.6	143.1	21.4	160.9	16.8	173.8	19.4	217.5	10.3	199.8	11.5	180.5	16.4	159.2	16.3	165	-999	-999	-999	-999
20130314	60000	-999	-999	-999	-999	-999	-999	-999	-999	63.7	141.2	51.7	144.7	54.1	149.7	44.2	145.1	29.2	143.5	18.8	119.7	11	69.3	15	65.1	15.9	74	16.9	84.2	14.5	109.3	9.5	102.1	4.4	135	3	254.6	12	236.6	7.9	264.2	-999	-999	-999	-999
20130314	70000	-999	-999	-999	-999	-999	-999	-999	-999	22.9	43	10.8	284.4	34.3	14	33.5	24.1	38.8	33.3	38.2	42.9	26.4	38.1	15.1	15.8	12.6	281.4	12.6	246.7	11.8	252.2	14.9	271.2	17.6	271.3	14.1	261.4	11.2	256.1	10.2	264.4	-999	-999	-999	-999
20130314	80000	-999	-999	-999	-999	-999	-999	49.9	315	44.3	302.9	69.1	349.1	60.2	343.7	47.4	353.7	42.6	348.9	36.7	343.5	26.4	334.9	18.3	335.5	7.2	287.7	8.5	252.8	10.6	242.9	5	191.5	12.5	158.4	17.9	166.1	19.5	184.7	30.6	202.5	-999	-999	-999	-999
20130314	90000	-999	-999	-999	-999	-999	-999	17.8	317.7	34.8	305.3	59.5	346.5	37.1	325.7	27.2	300.1	30.6	254.8	30.3	241.8	36.6	228.7	37.1	220	33.5	217.2	25.7	204.4	22.2	192.2	20.9	181.1	19.6	198.2	19.2	191.1	17.7	169.3	17.2	204	-999	-999	-999	-999
20130314	100000	-999	-999	-999	-999	-999	-999	19.3	313.1	54.6	343.4	46	3.4	31.3	4.6	29.5	1	20.6	355.3	10.3	340.7	9.1	296.8	10.3	254.7	20.9	236.7	31.4	231.2	32.5	238.1	29.1	246.1	26.5	256.7	24.6	234.1	27.4	242.1	25.3	235.8	-999	-999	-999	-999
20130314	110000	-999	-999	-999	-999	-999	-999	18	292.9	25.4	333.1	27.2	347	18.4	344.9	12.3	332.4	8.1	312	13.5	317.1	18.3	317.2	12.8	297.4	14.5	279.1	11.3	261.9	12.7	248.7	17	270	12.8	261.5	16.1	257.8	16	257	19.7	260.1	-999	-999	-999	-999
20130314	120000	-999	-999	-999	-999	-999	-999	11.3	273	10.7	200.8	26.8	32	15.4	41.8	15.6	35.1	19.8	66.8	11.6	76.1	11.2	74.5	16.1	72.2	16.3	55.5	9.1	34.7	12.3	31.4	13	7.9	16.9	355.6	14.1	348.5	11.7	349.2	18.2	346.7	-999	-999	-999	-999
20130314	130000	-999	-999	-999	-999	-999	-999	1.7	319.8	41.2	45.4	9.8	37.6	16	122	10	94.6	3	76.4	3.5	143.1	4.7	261.3	3.7	251.1	11.3	249.8	6.3	279.2	5.9	273.9	11.5	258.5	11.2	260.2	14.2	265.1	12.9	257.5	15.1	264.7	-999	-999	-999	-999
20130314	140000	-999	-999	-999	-999	-999	-999	18	183.2	33.7	141.3	68.9	150.5	57.8	150.3	52.9	149.4	46.4	149	43.1	154.3	41.5	163.8	38.9	170.1	38.9	179	36.7	184.4	31.2	198.9	27.4	212	19.9	220.5	23.2	234.7	22.8	242.9	12.1	239.2	-999	-999	-999	-999
20130314	150000	-999	-999	-999	-999	-999	-999	96	147.8	84.5	147.3	92.2	144.9	82.6	147.9	73.5	152.1	67.5	149.9	59.1	143.5	50	145.1	41.4	148.3	36.1	150.1	31.8	158.2	27.1	164.4	19.8	163.9	17.9	164.8	15.5	178.9	21.9	195.4	24.4	213.1	-999	-999	-999	-999
20130314	160000	-999	-999	-999	-999	-999	-999	-999	-999	74.5	131.1	75.2	126.2	69.5	128.3	65.5	133	65.9	131.2	59.2	120.8	61.3	123.9	47.8	124.7	36.8	117.5	28.6	114.4	21	119.6	25.8	132.3	24.6	141.6	15.5	147.6	10.2	144.1	9.8	204.7	-999	-999	-999	-999
20130314	170000	-999	-999	-999	-999	-999	-999	-999	-999	101.4	147.4	104.1	145.1	89.5	141.5	85.2	140.3	76.6	134.6	73.6	139.8	70.9	138	61.5	136.6	54.5	131.7	47.4	129	43.3	144.4	40.9	149.2	33.1	152.3	22.5	129.4	23.2	126.2	19.6	127.3	-999	-999	-999	-999
20130314	180000	-999	-999	-999	-999	-999	-999	-999	-999	47.5	150.1	59	148.7	70.9	157.1	58.6	156.4	48.3	152.9	34.7	154.4	18.8	149.6	14.3	118.9	11.7	112.2	11.6	117.7	6.1	136.3	2	315	6.1	354.4	9.1	297.4	12.8	288.2	24.8	262.8	-999	-999	-999	-999
20130314	190000	-999	-999	-999	-999	-999	-999	-999	-999	4.9	178.8	1.9	101.9	11.9	152.6	6.1	91.9	15.7	34.1	20.7	17.7	18.7	31	7.8	83.3	4.4	120.1	6.8	237	4.3	256.6	11.1	220.6	5.4	211.3	5.1	241.9	2.7	197.1	1	315	-999	-999	-999	-999
20130314	200000	-999	-999	-999	-999	-999	-999	-999	-999	16.7	313.1	38.9	1.3	45.3	12.2	48.6	13.9	44.2	3.6	40.9	3.4	37.4	1.4	30.4	351.1	29.2	351.3	18.3	335.5	15.8	322.5	17.9	297.3	19.3	272.1	21.7	255.6	15.5	250.4	8.2	275.6	-999	-999	-999	-999
20130314	210000	-999	-999	-999	-999	-999	-999	22.7	8.1	16.1	286.6	9.4	301.5	4	283	4.6	283.7	11.8	287.8	5.5	282.5	6.3	290.4	12.8	311.5	19.4	325.1	21.8	348.1	33.1	352	49.8	353.1	64.8	350.8	67.7	356.2	77.6	352.3	81.3	349.3	-999	-999	-999	-999
20130314	220000	-999	-999	-999	-999	-999	-999	28.2	217.6	32.8	241.6	15.5	22.4	6.8	91.7	13.3	139	15.2	162.4	21.2	147.1	16.9	147.5	17.1	179.3	19.6	184.4	30	195.7	22.1	212	33.9	217	21	224	13.8	238	9.7	230	17.1	222.9	-999	-999	-999	-999
20130314	230000	-999	-999	-999	-999	-999	-999	17.4	321.5	34.7	276.8	34.1	268.2	35.5	264.3	32.9	258.2	27.3	257.9	35	245	28.9	238	26.1	266.9	20.9	293.4	21.6	338	40.1	341.1	58.9	349.9	65.2	1.2	80.6	2.4	78.1	359.6	69.9	3.5	-999	-999	-999	-999
20130315	0	-999	-999	-999	-999	-999	-999	12	308.2	31.7	353.3	23.9	4.6	23.7	3.9	15.4	6.7	7.7	15.8	4.2	2.7	6.4	18.2	6.7	142.3	4.5	212.3	9	173.6	9.8	154.5	13	169.8	12.2	206.8	11	223.9	9.2	239.3	13.3	236.3	-999	-999	-999	-999
20130315	10000	-999	-999	-999	-999	-999	-999	2.1	177.3	13.7	67.7	16.4	49.2	9.6	29.2	10.7	40.1	6.2	21.6	1.5	105.9	5.4	1.1	4.7	301	9.4	333.4	9.7	283.7	11.4	286.8	15.6	288	16.7	280	16.2	283.2	20.5	283.2	23.4	272.2	-999	-999	-999	-999
20130315	20000	-999	-999	-999	-999	-999	-999	34.1	144.9	44.2	162.5	42.9	160.7	32.4	162	32	159.9	24.5	163.9	24.7	175.8	13.9	171.3	14.1	184.9	20.9	211.1	16.5	229.9	17.7	245.3	27.5	261.8	25.2	253.1	27.8	261.3	26.8	267.9	28.3	266.1	-999	-999	-999	-999
20130315	30000	-999	-999	-999	-999	-999	-999	84.9	152.6	86.2	150.5	87.3	147.6	85.5	150.4	86.2	147.6	78.9	152.2	77.6	148.7	69.9	149.2	60.7	150.3	59.4	156.6	51.7	150.8	44.8	157.4	39.2	148.3	40.2	149	35	145.1	29.1	141.3	23.9	169.6	-999	-999	-999	-999
20130315	40000	-999	-999	-999	-999	-999	-999	-999	-999	74.8	133.5	84	138.8	77.6	137.2	74.7	137.2	77.1	134.4	67.5	135.1	61.8	135	61.5	137.3	55.3	138.4	39.4	144.1	40.8	156.9	37	165.8	27.8	173.4	17.5	172.8	13.9	189.5	11.6	220.1	-999	-999	-999	-999
20130315	50000	-999	-999	-999	-999	-999	-999	-999	-999	67.5	147.5	89.3	144.1	77.2	142.9	69.4	142.7	56.7	144.9	53.4	145.7	46.6	145.5	34.7	147	29.5	143.4	18.5	127.3	11.5	141.3	7.4	173.8	4.6	168.7	6.2	119.9	8.4	101	9.1	110.6	-999	-999	-999	-999
20130315	60000	-999	-999	-999	-999	-999	-999	-999	-999	49.3	134.3	69.6	153.8	63.4	155.4	45.8	148.2	34	150.8	27.9	141	19.2	113.4	14.6	80.5	11.3	101.7	13.5	93.8	12	95.8	10.6	92.2	5.8	93.9	5	21	4.3	247	4.2	285	-999	-999	-999	-999
20130315	70000	-999	-999	-999	-999	-999	-999	-999	-999	10.8	146.8	9.7	151.1	10.3	128.3	9.8	84.8	16.4	77.7	22.7	70.4	23.3	72.8	14.3	82	14.2	111.5	4	128.9	9	268.7	9.7	288.1	4.2	267.3	12.9	251	13.5	265.3	14.9	263.1	-999	-999	-999	-999
20130315	80000	-999	-999	-999	-999	-999	-999	14.5	359.2	13.7	325.7	36.6	11.5	41	18.6	36	10.9	40.4	8.5	40.9	7.6	44.9	4.1	40.8	5.8	40.2	5.1	40	358.1	37.9	354.5	32.4	0.2	32.5	355.8	30.9	1.9	28.7	20.2	26.1	357.1	-999	-999	-999	-999
20130315	90000	-999	-999	-999	-999	-999	-999	20.1	357.2	34.2	320.3	40.1	2.1	35.2	10	26	8.8	15	19	17.3	38.7	7.5	80	12.5	154.9	15.1	171.6	22.6	165.1	19.9	164.6	27.6	171.5	23.4	176.1	19.6	221.9	26	229.7	23.6	240.8	-999	-999	-999	-999
20130315	100000	-999	-999	-999	-999	-999	-999	41.6	267	54.7	268.3	24.1	303.5	23.5	267.8	24.5	239	28.1	221.7	28.2	215	30.1	206.9	36.3	193.4	33.4	187.7	21.6	159.4	23.8	127.8	23.5	135.2	22.8	133.6	20.1	149.9	19.4	164.2	18.5	171.6	-999	-999	-999	-999
20130315	110000	-999	-999	-999	-999	-999	-999	14	36	24	264	11.4	296.6	10.3	253.7	3	101.7	7.3	146.7	5.7	103.1	10.1	33.7	7.9	25.6	19.9	21.2	32.1	17.4	32.8	15	32.5	10.8	47.6	6.5	54.9	2.9	62.2	359.1	65.5	0.3	-999	-999	-999	-999
20130315	120000	-999	-999	-999	-999	24.7	54.7	5.7	314.3	16.3	248.5	7.8	232.8	6	269	7.7	261	4	271.4	5.7	224.3	10.1	252.6	3.2	212.2	6.8	28.1	13.1	17.3	15.8	18.1	20.2	13.8	21.9	11.6	26.5	15.3	32.7	12.4	34.9	5.1	-999	-999	-999	-999
20130315	130000	-999	-999	-999	-999	-999	-999	9.4	158.1	3	162.8	5.9	195.7	6.8	313.8	9	275.1	6.1	293.2	12.1	334.1	5.5	39.8	2.8	316.5	3	133.7	2.3	192.8	3.6	133.9	1.4	180	3.6	121.5	4	212.9	3.5	236.8	9.5	237.5	-999	-999	-999	-999
20130315	140000	-999	-999	-999	-999	-999	-999	33.1	131.9	34.6	144.7	39.2	145	36	141.9	34.5	141.6	28.1	155.4	26.5	148.6	23	165.7	23.4	171.9	19.5	179.4	23	179.8	19.3	181.2	17.4	177.7	17.6	169.8	14.5	180.8	14.6	166.5	11.3	190.2	-999	-999	-999	-999
20130315	150000	-999	-999	-999	-999	-999	-999	41.4	112.3	35.4	148.7	39.1	142.9	29.4	137.1	30.8	147.4	23.9	168.4	19.2	166.1	19.4	179.7	14.5	167.2	6.7	146.5	2.7	17.1	8.2	347.3	4.7	16.1	5.1	14.9	9.5	48.4	11	42.1	8.1	36.4	-999	-999	-999	-999
20130315	160000	-999	-999	-999	-999	-999	-999	57.5	143.3	31.1	132.9	30.2	142.5	25.8	143.7	16.7	136	5.1	84.4	8.8	32.4	12.4	9.8	15.7	353.4	10.4	342.1	6.5	353.9	7.5	17	2.5	33.7	5.9	99.8	10.5	77.9	16.9	85.6	24	85.9	-999	-999	-999	-999
20130315	170000	-999	-999	-999	-999	-999	-999	-999	-999	55.9	131.6	62.1	134.6	45	133.4	35.5	134.8	30.5	128.7	27.8	125.3	16.1	149.8	14.3	146.4	11.8	132.2	3.4	125.5	9.7	69	8.3	55.7	9.2	72.9	17.3	93.6	18.6	86.3	23.1	93.5	-999	-999	-999	-999
20130315	180000	-999	-999	-999	-999	-999	-999	-999	-999	63.3	128.6	66.3	142.1	51	141.7	40.1	134.3	33.8	133	33.5	138.9	24.5	150.7	23.8	171.3	22.4	191.1	14.7	197	11.9	242.6	6.5	234.4	4.2	169	10.7	159.7	11.9	117.4	14.1	116.9	-999	-999	-999	-999
20130315	190000	-999	-999	-999	-999	-999	-999	-999	-999	49.9	133.3	55.8	152.1	46.4	151.4	24	142.8	14.8	134.5	9.8	104.7	11.5	53.1	16.3	75.1	19	75.1	14.8	98.6	11.9	98.7	4.3	59.3	3.5	315	3.8	293.2	13.9	238.3	12.2	259.6	-999	-999	-999	-999
20130315	200000	-999	-999	-999	-999	-999	-999	-999	-999	14.1	256.9	18.7	16.1	26.7	8	29.1	9.9	31.3	27.6	33.5	36.3	29.1	45.1	19.3	51.3	6.3	40.5	6.6	258.7	8.5	232.2	10	277.5	8.7	264.1	8.4	254.1	3.1	249.2	7.3	259	-999	-999	-999	-999
20130315	210000	-999	-999	-999	-999	-999	-999	-999	-999	28.2	340.3	65.1	12.7	67.7	15.8	59.1	17.8	53.5	19.9	49.3	13.5	36	13.1	22.4	356.9	14.7	328.4	17.1	276	18.7	273.7	15.2	265.9	18.7	263.9	16.6	273.1	11.4	265	11.9	251.9	-999	-999	-999	-999
20130315	220000	-999	-999	-999	-999	-999	-999	28	271.8	28	292.9	58	4.8	50.1	0.5	46	0.9	39.8	357	35.7	354.7	28.2	357.4	20.3	340.4	23.9	322	30.3	304.5	25.8	296.8	30.5	283.9	30	274.8	32.8	263.4	23.3	268.5	7.5	290.4	-999	-999	-999	-999
20130315	230000	-999	-999	-999	-999	-999	-999	19.4	330.4	10.2	321.8	15.1	306.9	10.1	270	11.8	265.6	9.6	249.9	5.8	231.3	7.4	213.5	18.5	249.4	8.1	227.5	8	296.6	18.1	312.8	34.5	351.8	52.6	359.2	67.5	359.6	77.5	359.4	77.8	352.2	-999	-999	-999	-999
20130316	0	-999	-999	-999	-999	-999	-999	18.5	292.3	14.4	286.2	10.3	346.5	11.1	321.6	11.1	344.8	16.1	10.4	18.8	4.6	21.6	3.7	18.8	6.7	23.5	10.5	18.9	7.9	22.9	339.6	23.1	346.7	22.8	345.5	20.8	26.8	27.2	16.6	30.5	12.3	-999	-999	-999	-999
20130316	10000	-999	-999	-999	-999	-999	-999	8.6	313.6	23.4	245.3	10.4	303.2	6	252.5	7.2	306.6	2.5	233.1	7.9	181.5	5.4	133.5	9.1	121.1	4.9	83	8.1	119.4	12.4	117.4	9.3	128.5	11.5	119.2	5.5	101.5	3.9	140.2	5.8	279	-999	-999	-999	-999
20130316	20000	-999	-999	-999	-999	-999	-999	17.4	125	17	185.4	9	180	7.6	220.2	9.5	226.7	17	246.4	9.3	260.7	14.4	255.1	14.7	239.8	14.3	236.4	19.5	239.5	19.8	244.2	16.5	249	21.5	265.7	22.3	256.3	20.4	270	16.4	270.3	-999	-999	-999	-999
20130316	30000	-999	-999	-999	-999	-999	-999	23.5	90.5	32.8	140.7	49.7	136.7	51.3	143.8	43.2	142.5	43.1	148.6	41.9	157.7	32	162	28.6	173.6	24.4	169.4	25.1	186.4	22.3	198.6	21.3	218.9	17.9	209.9	13.3	232	14.3	271.6	15.5	289.3	-999	-999	-999	-999
20130316	40000	-999	-999	-999	-999	-999	-999	69.4	151.1	54.7	138.7	63	143.3	56.8	145.6	48.4	142.9	36.2	145.9	26.6	151.5	16.6	155	5	257.3	3	291.4	11.1	305.8	1.7	280	4.7	61.8	5.4	95.3	10.4	88.9	11.2	91	12.8	91.8	-999	-999	-999	-999
20130316	50000	-999	-999	-999	-999	-999	-999	-999	-999	57.3	136	92.3	150.4	82.2	150.1	69.6	147.5	64.5	150.1	60.1	153.9	41.4	159.2	35.9	163.3	16.2	161.7	11.1	167	3.2	255.5	4.6	154	9.5	157.8	7.2	150.9	3.7	150.6	3.8	127.5	-999	-999	-999	-999
20130316	60000	-999	-999	-999	-999	-999	-999	-999	-999	57.8	139.6	85.5	155	76.3	150.6	57.1	150.5	46.3	160.3	23.1	163.4	20.7	187.2	10.4	218.7	10.3	318.6	9	327.2	4.9	35.9	6.4	97.1	3.2	86.4	4.9	73.4	4.3	294.8	4	316	-999	-999	-999	-999
20130316	70000	-999	-999	-999	-999	-999	-999	-999	-999	30	128.1	53.9	156.4	50.3	155	38.3	163.6	26.5	183	13.7	240.3	12.4	303.2	4.3	16.3	8.2	97	8.7	123.3	5.8	116.6	6.5	84.7	1.6	153.4	1.4	33.7	4.9	209.2	7.3	243.1	-999	-999	-999	-999
20130316	80000	-999	-999	-999	-999	-999	-999	-999	-999	8.5	308.3	6.9	312	6.4	323.3	8.7	4.6	4.1	19.7	8.3	37.7	13.3	29.6	15.6	47.8	13.5	29.2	16	46	11.4	67.3	11.6	55.9	0.7	315	1.6	140.2	6.6	223.8	5.2	226.5	-999	-999	-999	-999
20130316	90000	-999	-999	-999	-999	-999	-999	34.3	311	35.8	306.5	73.9	359	71	8.7	67.7	5.8	58.3	10.6	44.9	13.5	41.9	17.7	37.9	15.5	23.4	7.1	8.8	24.2	1.3	315	2.2	200.9	6.4	252.7	11.2	250.1	15.8	257.6	19.8	255.4	-999	-999	-999	-999
20130316	100000	-999	-999	-999	-999	-999	-999	10.8	271.6	23	332	13	305.9	10.4	268.3	12.3	243.9	20.6	259.3	23.1	267	19.9	272	12.6	298.4	18.2	331.5	38.1	341	50.1	352.5	69.1	358.1	86	356.1	101.1	2.4	99.9	0.1	102.1	359.7	-999	-999	-999	-999
20130316	110000	-999	-999	-999	-999	-999	-999	30.3	252.9	15.7	323.8	22.6	301.8	18.7	285.8	20.2	296.2	14.2	263.9	5.5	250.9	3.5	211	1.5	176.2	3.5	338.5	13	346.6	28.9	353.8	43.2	358.7	54.6	355.5	76.4	356.2	83	358.6	83.8	358	-999	-999	-999	-999
20130316	120000	-999	-999	-999	-999	-999	-999	16.8	6.8	17.5	279.9	3.3	298.9	2.3	221.4	8.7	275.3	7.6	217	8.2	242.5	7.2	242.7	8.8	264.8	6.1	307.6	9.8	327.1	10.3	330.5	16.2	331.2	19.5	330.8	31	352.4	46.2	2.6	55.2	3.1	-999	-999	-999	-999
20130316	130000	-999	-999	-999	-999	-999	-999	8.2	18.4	18.3	69.5	2.6	22.6	1.6	104.9	4.3	213.7	4.4	202.5	5.1	185.6	3.7	191	3.4	139.8	4.4	62.9	4.6	93.7	4.5	88.7	3.7	23.8	5.9	37.5	1.4	249	6.1	88.1	4.6	211.6	-999	-999	-999	-999
20130316	140000	-999	-999	-999	-999	-999	-999	18.7	138	42.2	150.6	37.9	151.6	31.1	152.2	29.7	157	21.3	180.3	21.6	172.5	15.7	191	13.8	220	17.5	224.8	16.1	231.6	20.4	255.8	17.4	262.8	23	261.2	23.6	271	26.6	272.6	23.2	265.5	-999	-999	-999	-999
20130316	150000	-999	-999	-999	-999	-999	-999	43.5	147.3	49.1	184.8	42.7	153.7	37.4	150.1	33.8	157.8	30.8	152.5	18.9	161.5	12.3	161	9.7	177.6	1.2	204.4	13.6	244.4	14.3	265.6	21.5	262.2	21.4	262.2	16.6	265.9	15.8	278.4	14.4	299.6	-999	-999	-999	-999
20130316	160000	-999	-999	-999	-999	-999	-999	68.7	143.6	49.4	143.2	60.1	143.1	51.7	143.8	39.4	143.8	30.1	151	20.2	166.2	10.3	204.6	9.3	239.6	18.4	264.1	12.7	285	4.9	296.6	8.1	316	5.7	54.9	10.1	55.5	9.7	95.3	5.9	84.2	-999	-999	-999	-999
20130316	170000	-999	-999	-999	-999	-999	-999	-999	-999	70.5	142	83	144.2	77.8	143	66.5	151.5	57.8	151.9	47.8	147.3	43.6	141.6	31.1	142.8	21.2	146.5	9.9	172.4	4.5	226.8	7.1	222.7	3.4	195.3	5.9	144.7	10.8	103.4	14.7	109.1	-999	-999	-999	-999
20130316	180000	-999	-999	-999	-999	-999	-999	-999	-999	76.8	136.7	89	138.5	82.4	139.6	72.1	142	69.5	142.9	53.6	142.5	46.2	141.9	41	145.8	38.4	157.8	25.8	149	25.1	164.3	16.5	172.4	7.9	178.5	4.5	113.7	11	121.7	7.9	143.3	-999	-999	-999	-999
20130316	190000	-999	-999	-999	-999	-999	-999	-999	-999	72.1	133.4	87.3	147.3	74.3	147.7	67.5	151.8	59.7	145.7	49	147	36.7	146.6	21.5	144.1	14.3	156.1	7.6	211	6.3	264.6	11.3	308.2	8.2	337.2	8.1	40	8.2	7	8.7	298.9	-999	-999	-999	-999
20130316	200000	-999	-999	-999	-999	-999	-999	-999	-999	28.6	144.1	41.6	158.1	22.3	140.5	16.8	115.8	9.9	74.1	15.2	47.9	23.5	55.8	7.2	57.4	4.5	88.7	3.9	121.2	3.2	204.1	8.5	246.4	4.1	218	7.2	222.8	6.4	230.1	4.5	234.9	-999	-999	-999	-999
20130316	210000	-999	-999	-999	-999	-999	-999	-999	-999	3.9	302.5	34.8	33.7	49.4	32.7	48.8	33	43.8	25.2	39	4.7	30.6	8.3	18.5	347.8	8	309.9	11.7	255.1	14.5	265.3	12.5	266.3	13.8	280	7.2	252.3	7.7	272.2	4.4	305.8	-999	-999	-999	-999
20130316	220000	-999	-999	-999	-999	-999	-999	-999	-999	24	296.2	70.7	13.4	76.9	5	63.1	2.8	51.1	6.7	35.7	7.9	30	18.1	18.4	20.3	6.4	56.6	6.8	270.8	16.4	271.4	18.4	271.9	18.1	244.4	10.1	233.5	6.6	217	12.4	146.8	-999	-999	-999	-999
20130316	230000	-999	-999	-999	-999	-999	-999	26.9	312	21.6	285.3	45.2	20.3	34.6	17.5	20.8	20.3	12.1	31.5	18.4	67.6	23.7	101.5	24.4	138	25	137.1	23.6	150.8	19.1	171.3	29	187.9	22.6	206.6	31.3	222.2	28.4	226.9	36.5	240.8	-999	-999	-999	-999
20130317	0	-999	-999	-999	-999	-999	-999	18.3	5.3	11.1	303.3	18	321.1	13.5	303.2	16.4	282	14.5	245.2	14.7	256.2	11.8	253.3	8.8	218	4.3	272.7	4.5	38.7	15.7	351.9	23.7	327	29.1	340.9	46.9	346.8	53.4	353.6	63.6	355.4	-999	-999	-999	-999
20130317	10000	-999	-999	-999	-999	-999	-999	1.4	204.8	10.1	313.8	11.6	268.5	9	270	4.9	273.5	4.1	158.5	5.5	61.6	7.2	144.1	8.8	132.2	7.7	132.4	2.5	87.7	3.9	48.1	9.4	359.4	12	12.5	12	3.3	16.9	0	16	356.8	-999	-999	-999	-999
20130317	20000	-999	-999	-999	-999	-999	-999	15.3	191.7	10.8	189	4.2	0	4.9	213.4	6.1	23.2	4.7	305.4	11.5	267	10.6	269.5	18.7	277	20.2	266.3	22.1	266.6	18.3	265.6	25.7	261.9	24.2	262.9	29.1	260.3	26.4	256.6	29.3	260.4	-999	-999	-999	-999
20130317	30000	-999	-999	-999	-999	-999	-999	38.6	158.7	22.2	154.9	23.6	164.8	17.9	181	7.5	200.4	12.1	167.1	12.2	159.3	13.6	162.5	6.6	190.5	6.4	161.8	5.2	197.7	13.3	245.2	8.6	283.4	12.5	268.2	11	276.8	12.3	258.8	11.7	259.7	-999	-999	-999	-999
20130317	40000	-999	-999	-999	-999	-999	-999	83.3	178	50.1	158.7	45	154.5	36.2	165.6	37.6	171.3	33.4	177.9	31.5	182.4	24.3	195.8	18.2	202.6	12.8	199.1	15.9	200.3	8.4	226.4	9	253.2	10.4	260	18.5	283.4	17.6	300.4	21.7	274	-999	-999	-999	-999
20130317	50000	-999	-999	-999	-999	-999	-999	-999	-999	47.5	150.8	73.6	158.2	64.1	152.8	50.9	156.5	28	173	15.7	232.8	10	275.1	8.5	327.4	3	319	4.1	21.5	3.1	14.9	6	67.3	3.9	114	0.4	26.6	5.7	80.9	3.9	94.4	-999	-999	-999	-999
20130317	60000	-999	-999	-999	-999	-999	-999	-999	-999	53.6	166.9	63.7	155.7	55.2	163	38.1	178	26.3	192.1	15.1	237.5	21.1	279	7	305.1	6.4	24.1	7.2	102.9	4.4	59.9	7.5	111.1	4.5	113.7	3	103.6	10.1	97.4	11.5	61.4	-999	-999	-999	-999
20130317	70000	-999	-999	-999	-999	-999	-999	-999	-999	22.6	143.6	54.4	159.8	44.4	168.3	26.9	184.1	13.6	236.1	5.1	310.2	0.7	33.7	5.8	102.8	3.1	204.9	5.6	156.7	2.4	177.6	3.5	202.1	4.4	255.7	3.9	348.1	3.3	192.3	4	57.1	-999	-999	-999	-999
20130317	80000	-999	-999	-999	-999	-999	-999	-999	-999	9.9	155.5	10.7	48.4	8.9	37.3	6.8	24.3	7.6	359.2	3.4	208.1	2.7	272.1	5.4	274.2	6.8	351.5	5.1	240.4	2.7	100.5	11.6	172.6	11.1	157.1	9.4	160	5.7	161.6	3.9	125.7	-999	-999	-999	-999
20130317	90000	-999	-999	-999	-999	-999	-999	29.1	353.9	32.6	338.6	57.2	18.8	64	23.4	61.8	25.5	60.4	27.5	58	11.9	57.3	2.8	57	353	63.2	349.9	59.5	351	52.5	342.5	38.4	345.7	28.6	348.5	20.5	327.9	21.3	297.6	16.3	283.1	-999	-999	-999	-999
20130317	100000	-999	-999	-999	-999	-999	-999	14.1	253.9	24.1	251.3	12.3	263	10.3	290.4	7.6	278.3	8.4	287.4	10.5	282.7	18	309.6	26	317.3	21.6	332.7	32.6	349.2	45.8	347.1	63.2	353.3	84.6	352.9	83.7	351.8	84.8	348.8	91.3	351.1	-999	-999	-999	-999
20130317	110000	-999	-999	-999	-999	-999	-999	40.5	318.9	46.9	315.4	48	344.5	39.7	352.8	29.3	342.5	21.5	0.8	15.9	32.4	7.8	47.1	4.8	150.3	12.2	233.3	18.7	251.6	17.6	260.5	18.8	259.6	19.1	274.8	17.2	267.3	17.9	243.4	24.1	246.3	-999	-999	-999	-999
20130317	120000	-999	-999	-999	-999	-999	-999	9	298.6	24.5	236.5	12	19.9	8.7	40.8	4.8	2.4	1.3	274.4	1.8	240.6	11.5	293	16.4	291.9	22	304.6	24.8	301.1	23.2	320.4	28.4	318	31.7	329.5	48.5	338.2	57.5	349.3	63.7	350.9	-999	-999	-999	-999
20130317	130000	-999	-999	-999	-999	-999	-999	11.9	261.3	11.6	40.4	5.3	68.8	10.4	31.2	5.9	47.1	4.8	311.6	3.6	308.2	3.5	221.5	2.9	252.2	6.9	255	8.3	283.2	8.2	318	9.7	293.7	6.1	319	7.6	267	9	261.1	8.1	204.7	-999	-999	-999	-999
20130317	140000	-999	-999	-999	-999	-999	-999	15.4	128.4	28.6	135.3	22.8	161.1	14.5	168.1	10.9	178.4	12.1	199.3	15.1	211.2	14.3	225	12.7	203.7	11.7	232.6	11.7	230.6	16.9	243	17.1	236.2	19.3	275.7	18.6	266	24.2	269.3	20.2	272.6	-999	-999	-999	-999
20130317	150000	-999	-999	-999	-999	-999	-999	21.5	118.6	33	150.4	34.3	151.6	28.2	155.1	29.1	142.3	33.6	142	33.4	149.4	26.6	147.3	12.8	178.2	14.8	166.3	13.1	179.1	15.7	182.9	11.5	218	12.8	215.4	11.8	248.2	20.9	239.1	19.2	249.9	-999	-999	-999	-999
20130317	160000	-999	-999	-999	-999	-999	-999	57.9	112.2	33.3	144.8	46.2	150.8	41.1	149.6	33.4	163.7	28.9	164.3	22.8	185.5	19.8	200.7	19.4	213.4	16	226.5	16.8	253.1	16.3	248.5	16.5	253.8	11.2	253.3	6.4	303.4	7	309.8	5.9	260.2	-999	-999	-999	-999
20130317	170000	-999	-999	-999	-999	-999	-999	-999	-999	45	146.6	60.3	143.4	59.5	145.1	58.1	151.8	52.8	152.5	51	154.8	51.4	159.7	54.3	167.1	48.6	164.8	41.1	176.5	40.5	172.1	38	172.7	34.9	186.4	31.7	179.6	28.1	190.7	21.9	201.2	-999	-999	-999	-999
20130317	180000	-999	-999	-999	-999	-999	-999	-999	-999	44.8	127.4	87.8	143.8	76.5	143.1	69.1	146.4	61.2	152.3	55.6	151.6	45.9	149.5	42.2	161.8	34.8	148.5	27.5	150.6	11.4	147.6	13.4	230.7	11.2	245.3	8	37.9	7.6	70.9	15.2	85.9	-999	-999	-999	-999
20130317	190000	-999	-999	-999	-999	-999	-999	-999	-999	59.9	136.1	108.3	155.5	104.6	148.5	98.2	147.6	83.3	149.1	66	151	53.5	150.6	40.9	153.7	24.5	159.4	13	184.4	11.2	234.5	13.3	241.7	18.7	263.9	7.3	216.1	3.9	214.5	9.9	113.7	-999	-999	-999	-999
20130317	200000	-999	-999	-999	-999	-999	-999	-999	-999	55.8	122.5	79.4	145.5	71.4	146.5	51.8	155.2	37.4	168.3	22	171.6	16.1	197	19.8	218.8	20	267.4	18.8	289.3	11.7	299.2	6.5	281.5	0.8	45	8.2	137	6.5	128.8	1.4	171.9	-999	-999	-999	-999
20130317	210000	-999	-999	-999	-999	-999	-999	-999	-999	47.7	151.6	34.6	171	23.1	174.5	11.3	191.2	2.9	240.8	6.9	304.4	2.7	48	8.9	79.7	9.7	132.1	5.3	201.2	2.6	54.5	8.3	96.2	4.2	136	9	208.6	5.5	270	11.1	250.6	-999	-999	-999	-999
20130317	220000	-999	-999	-999	-999	-999	-999	-999	-999	3.3	308.9	11.3	44.3	22	25.6	25.7	6.3	27.4	7.5	20.4	1.4	17.8	354.5	14	27.1	8.3	15.4	1.3	321.3	4.8	307.3	9.4	280.5	4.6	352.6	4.5	306.9	3.6	273.2	8.9	271.3	-999	-999	-999	-999
20130317	230000	-999	-999	-999	-999	-999	-999	-999	-999	6.5	162.1	47.1	352.2	38.1	350.3	44.6	358.7	43.1	359.3	40	10.1	34.2	19.3	27.8	15.9	17.5	0	14.5	328	19.9	277.8	16.4	255.2	10.5	278.2	3.1	194.9	1.5	101.3	3.3	174.8	-999	-999	-999	-999
20130318	0	-999	-999	-999	-999	-999	-999	-999	-999	21.3	313.3	41.5	353.9	45.1	353.4	40.9	354.7	46.1	352	34.1	356.6	33.8	352.5	31.4	341	29.9	341.9	25.9	331.2	19.6	318.9	18.7	320.4	16.4	300.8	10.4	277.7	7.7	254.9	3.9	158.7	-999	-999	-999	-999
20130318	10000	-999	-999	-999	-999	-999	-999	10	10.4	29.2	358.4	28.8	21.1	23.6	359.3	14.5	9.5	9	320	12.9	340	12.6	311.8	7	262.6	8.7	305.2	10	260.3	13	251.1	14.9	224.7	14.7	253.4	19.4	260.5	18.4	263.1	22.1	252.6	-999	-999	-999	-999
20130318	20000	-999	-999	-999	-999	-999	-999	36.7	37	12.6	303.1	6.2	37.8	5.6	328.9	11.6	357	5.2	317.4	10.7	310.1	12.4	295.3	9.8	290.3	15.5	278.5	15.5	263.7	13.3	282.6	18.7	273.7	21.3	269.5	27.8	270	21.6	272.1	28.2	268	-999	-999	-999	-999
20130318	30000	-999	-999	-999	-999	-999	-999	29	84.3	7	87.5	5.2	36.4	4.4	311.3	7.5	293.5	8.9	288.4	5.7	243.9	12.3	275.6	13.1	257.7	9.9	254.1	15.6	253.2	19.3	270	20.7	267	20.9	262.6	17.7	260.2	18.7	265.4	19.5	261.7	-999	-999	-999	-999
20130318	40000	-999	-999	-999	-999	-999	-999	-999	-999	21	147.1	20.4	156.3	10.7	180.5	9.5	201.7	11.3	196.5	10.5	218.4	10.9	199.9	10.3	212.3	5.5	229.4	7.7	253.4	10.1	232.7	6.4	225	6.1	215	9.1	269.4	11.8	253.3	11.9	290.7	-999	-999	-999	-999
20130318	50000	-999	-999	-999	-999	-999	-999	-999	-999	42.9	137.5	32	147	24.4	149.2	15.1	174.3	11.6	161.4	12.9	150.6	6.9	196.9	7	203.6	8.7	198	4.1	128	5.1	258.7	8	241.5	9.7	264.7	6.1	251	8.2	271.4	9.8	258.8	-999	-999	-999	-999
20130318	60000	-999	-999	-999	-999	-999	-999	-999	-999	31.3	123.9	44.5	151.7	26.3	150.9	13.9	187.4	7.6	186	8.9	200.5	10.7	257.6	7.2	200.2	4	271.4	6.1	273.8	4.4	233.4	3.4	331.9	0.9	198.4	3.1	59.3	2.2	24.2	2.5	319.9	-999	-999	-999	-999
20130318	70000	-999	-999	-999	-999	-999	-999	-999	-999	32.9	132.4	41.3	150.7	26.9	152.8	23.2	159.3	15.4	183.7	4.3	167.9	2.5	211.8	5.3	34.3	9.3	42.4	7.5	71.3	3.7	71.1	3	68.6	3.2	69.9	6.6	82.1	6.9	100.8	6.5	58.3	-999	-999	-999	-999
20130318	80000	-999	-999	-999	-999	-999	-999	-999	-999	11.7	117.4	29.5	155.2	17.5	165.4	10.1	144.3	5.1	115.6	6.8	84.1	3.5	83.5	4	347	3.1	321.6	0.6	218.7	0.6	260.5	2.3	185	8.5	138.8	7.4	81.4	5.9	118.3	4.9	79.4	-999	-999	-999	-999
20130318	90000	-999	-999	-999	-999	-999	-999	-999	-999	21.3	307.6	13.4	317.1	17.5	323.9	23.1	313.8	19.2	329.7	14.1	346.5	16.1	347.1	8.4	334.7	6.6	26.2	9.5	67	13.6	59.1	11.1	41	7	68.2	6.1	209.5	7.5	178.5	8.4	169.8	-999	-999	-999	-999
20130318	100000	-999	-999	-999	-999	-999	-999	32.8	312.5	53.3	270.3	35.7	345.4	50.5	343.8	54.2	341.7	46.1	343.2	43.6	342.5	42.3	350.5	34.1	355.8	28.3	354.1	26.8	1.7	21.1	343.2	21.6	334.5	19.2	315.6	26.1	259.4	29.5	251.6	29.3	259.6	-999	-999	-999	-999
20130318	110000	-999	-999	-999	-999	-999	-999	11	329.9	11	327.6	27.5	2.5	34.7	348.9	35.8	349.5	46.5	358.9	56.9	355.3	68.9	356.6	73.9	352.6	81.5	349.5	92.8	351.1	96.8	352.4	92.2	354	75.3	354.7	63.1	359.5	45.8	2.8	42.2	358.5	-999	-999	-999	-999
20130318	120000	-999	-999	-999	-999	-999	-999	28.2	345.2	27	329.5	29.9	319.6	32.5	313.1	33.2	306.7	28.9	299	24.4	289.9	28.8	270.2	25.3	269.1	24.1	261.6	20.7	288.3	20.2	302.3	26.3	305.9	30.3	325.9	44.1	334.7	55.4	339.7	63.9	354.3	-999	-999	-999	-999
20130318	130000	-999	-999	-999	-999	-999	-999	19.4	358.2	6.3	11	16.3	350.1	13.3	343.9	9.8	323.7	2.8	313.5	0.5	216.9	6.7	212.3	10.6	190.9	6.6	183.5	10.9	170.5	9.5	184.8	10.7	156.8	16.6	171.7	14	173.8	9.7	181.2	13.9	205.6	-999	-999	-999	-999
20130318	140000	-999	-999	-999	-999	-999	-999	19.2	181.8	25.5	141.4	12.7	148.6	11.6	156.1	7.4	228.3	5	206.1	9.9	294.5	7.7	269.3	10.4	262.8	11.5	257.9	10.8	257.1	10	264.9	11.8	271.9	15.4	271.9	16.1	266.8	19.2	262.8	21.7	261	-999	-999	-999	-999
20130318	150000	-999	-999	-999	-999	-999	-999	37	156.8	25	135.8	25.4	156.9	19.8	175.1	23.8	186	22.2	194.3	17.6	182.6	16.2	185.7	11	188.9	11.9	211.5	12.6	213.3	11.1	242	14.5	236.5	16.3	249.6	15	274.2	16.1	274.3	21.7	277.4	-999	-999	-999	-999
20130318	160000	-999	-999	-999	-999	-999	-999	41.6	113.7	27	147.3	38.7	138	35.7	146.1	29.7	142.4	29	148.8	27	162.8	22	166.8	18.9	172.7	19.9	178	14.8	210.4	17.1	222.9	14	219.5	15.9	259.5	17.1	265	18.8	275.5	21	267	-999	-999	-999	-999
20130318	170000	-999	-999	-999	-999	-999	-999	45.2	104.6	37.8	137.8	50.9	157.8	53.3	156.7	41	155.8	30.3	159.5	19.3	184.5	13.8	195.9	12	199	5.7	204.8	7.3	215	6.8	250.2	14.6	282.7	13.9	292.3	5.3	291.2	2.6	274.4	5.1	346.5	-999	-999	-999	-999
20130318	180000	-999	-999	-999	-999	-999	-999	-999	-999	51	130.9	67.7	150.6	45.6	153.3	34.3	159.7	25	171.3	16	202.4	8.1	260.1	9.1	304.2	3	315	2.6	8.7	3	99.5	5.3	100.9	4.3	110.6	6.7	101.1	5	148.8	6.4	115	-999	-999	-999	-999
20130318	190000	-999	-999	-999	-999	-999	-999	-999	-999	63.4	130.9	96.6	148.5	90	145.7	80.2	146	65	143.8	49.5	146.1	35.3	141.4	25.8	161	19.4	174.4	13.5	203.1	10.2	239.9	14.7	280.2	9.7	280	2.2	283.4	4.3	86	3.6	97.9	-999	-999	-999	-999
20130318	200000	-999	-999	-999	-999	-999	-999	-999	-999	53.3	140.6	86.4	158	84.9	152.4	76.3	148.9	71.1	142.4	61.2	143.8	47.6	144	38.8	154.2	24.5	147.3	10.7	170.3	5.7	185	2.9	126.5	3.1	200.8	7.5	153.8	2.8	159	10.7	107.4	-999	-999	-999	-999
20130318	210000	-999	-999	-999	-999	-999	-999	-999	-999	54.6	121	66.1	154.6	75.5	150.3	64.7	153.4	50	160.5	41.3	162.4	18.6	187.7	23.3	238.5	31.4	275.7	29.9	280.2	31.8	275.2	31.6	276.9	23.6	273.2	30.7	275.6	33.5	272.4	29.6	267.1	-999	-999	-999	-999
20130318	220000	-999	-999	-999	-999	-999	-999	-999	-999	38.4	154.2	34	161.8	33.7	181.7	14.6	195.5	6.3	334.7	12.1	0.5	15.9	63.4	8.1	66.6	4.9	98.1	8	109.8	6.2	150.1	4.3	166.6	3.6	197.9	5.5	270	7.7	241.4	9.8	255.3	-999	-999	-999	-999
20130318	230000	-999	-999	-999	-999	-999	-999	-999	-999	25.3	204.7	11.5	196.2	9.6	198.2	9.2	342.3	20.9	18.7	20.4	32.6	11.9	50.8	12.9	43.1	3.9	88.5	2.8	214.8	1	11.3	3.4	331.9	8.8	264.8	6.5	238.3	5.7	259.9	4.8	309	-999	-999	-999	-999
20130319	0	-999	-999	-999	-999	-999	-999	-999	-999	8.3	352.4	20	359.1	22.7	356	30.5	352.9	29.7	357.5	22.7	357	17.1	354.3	5	35.3	4.9	91.2	5.5	96.2	2.5	244.4	0.5	338.2	3.5	274.9	5.4	243.4	4.2	265.9	8	329.3	-999	-999	-999	-999
20130319	10000	-999	-999	-999	-999	-999	-999	-999	-999	31.5	325.1	50.3	348	42.7	1.2	34.1	6.1	26.8	4.3	16.8	314.8	23.2	276.7	19.7	275.2	13.8	284.2	9.8	281.8	9.4	263.3	5.8	243.4	1.1	291.8	2.5	90	2.9	80.2	0.4	14	-999	-999	-999	-999
20130319	20000	-999	-999	-999	-999	-999	-999	-999	-999	18.2	313.7	27.8	347.8	34.3	342.7	22.6	322.4	21.8	320.4	20.3	277.9	16.7	271.4	12.1	295.9	7	265.9	8.3	281.9	8.9	277.8	3.6	316.1	2.2	316.8	1.9	281.9	4.4	280.5	2.6	249.4	-999	-999	-999	-999
20130319	30000	-999	-999	-999	-999	-999	-999	-999	-999	10.3	328.5	14.2	17.2	14.6	352.1	8.2	336.3	3.8	244.8	3.4	346.4	2.1	244.7	8.9	294.6	11.3	279.7	14.3	283.7	13.2	285.4	14.4	276.4	20.4	267.5	19.1	275.4	19.1	275.7	16.4	284.1	-999	-999	-999	-999
20130319	40000	-999	-999	-999	-999	-999	-999	-999	-999	9.2	359.4	3.7	227.2	5.7	106.2	7.5	170	9.5	251	11.4	255.8	14.4	263.2	20.2	252.7	17.5	263.4	21.3	254.2	23.5	272.2	19.4	257.2	22.7	269.7	21	260.4	21.6	269.2	21.1	265.9	-999	-999	-999	-999
20130319	50000	-999	-999	-999	-999	-999	-999	-999	-999	7.5	145.9	30	150.9	18.8	142.6	7.7	113.6	4	200.7	6	153.4	4.2	195	13.4	246.7	14.6	264.9	12.5	276	12.6	251	11.4	270.5	13.4	252.2	13.4	261.4	12.3	256.4	16.8	271.4	-999	-999	-999	-999
20130319	60000	-999	-999	-999	-999	-999	-999	-999	-999	24.5	139.1	43.6	148.1	19.3	148.8	0.1	0	4.4	186.5	6.1	161	1.6	137.5	1.3	175.6	6.7	195.5	7.4	245.2	2.2	305.8	8.9	257.7	7.5	261.5	4.6	246.8	5.2	228.1	7.1	284.6	-999	-999	-999	-999
20130319	70000	-999	-999	-999	-999	-999	-999	-999	-999	11.2	134.3	36.2	162.2	33.8	151.2	18.2	161.1	6.9	162.3	3.2	284.5	1.9	191.9	2.7	318	1.5	356.2	1.7	186.7	2.3	272.5	7.8	294.3	6.2	234.8	2.4	277.1	5.1	282.4	6.4	270	-999	-999	-999	-999
20130319	80000	-999	-999	-999	-999	-999	-999	-999	-999	10	89.4	34.8	144.3	23.9	142.1	15.1	146.6	6.3	103.8	7.2	79.6	8.3	36.2	4.6	53.9	3.6	160.6	1.6	50.2	2.7	98.4	4	73.9	1	135	3.2	271.8	1.9	273	3.5	88.4	-999	-999	-999	-999
20130319	90000	-999	-999	-999	-999	-999	-999	-999	-999	9.7	320.4	10.6	170.2	8.4	153.7	12.1	35.3	7.5	326.9	8.7	337	7.4	333.4	0.5	270	2.2	300.1	1.8	49.4	2.9	206.6	1.2	301	3.3	192.3	2.6	287.7	2.5	260.9	4.5	228.6	-999	-999	-999	-999
20130319	100000	-999	-999	-999	-999	-999	-999	38.8	6.8	15.3	334.4	9.8	352.4	14.3	333.8	14.1	322.5	13.5	341.8	14	340.8	9.8	356.5	7.3	333.1	2.3	336.8	7.8	338.1	3.6	252.1	2.7	116.6	7.4	154.5	7.7	122.9	4.3	162.4	7.8	180	-999	-999	-999	-999
20130319	110000	-999	-999	-999	-999	-999	-999	28.6	293.3	31	311.2	38.9	349	36	5.4	34.5	11	25.6	28.7	23	44.1	15.2	35.4	11.2	57.4	5.3	110.8	3.8	54.6	7.4	145.5	5.8	183	5.2	202.6	11.6	251.4	13.5	258	12.9	254.2	-999	-999	-999	-999
20130319	120000	-999	-999	-999	-999	-999	-999	30.7	289.6	37.7	311.1	36	319.3	27.1	305.7	22.1	306.9	28.7	308.8	33.1	317.6	43.5	305.3	32	317	32.7	331.7	26.7	331.8	37.9	342.2	35.5	355.2	37.8	356.1	44.3	3.1	40.3	7.6	47.7	357.7	-999	-999	-999	-999
20130319	130000	-999	-999	-999	-999	-999	-999	19.4	286.5	31.1	311.7	19.6	345.8	8.9	331.1	3	323.1	8.1	265.1	12.8	258.8	16.6	250.7	18.3	253.2	21.1	235.6	12	236.2	18.5	232	13.6	263.2	16.1	302.8	6.1	357.2	9.6	351	14	348.9	-999	-999	-999	-999
20130319	140000	-999	-999	-999	-999	-999	-999	12.9	245.2	18.6	304	24.7	351.6	16.3	14.9	5.9	27	6.8	85.8	2.2	153.4	4.9	125	6	260.4	6.6	281.3	14.6	275.9	15.4	252.6	14.2	240.9	14.7	237	13.2	248.7	17.4	261.4	19.2	255.5	-999	-999	-999	-999
20130319	150000	-999	-999	-999	-999	-999	-999	18.8	212.2	20.7	182.8	21.5	150.1	14.7	159.2	9.3	161.8	6.3	184.5	9.6	202	5.4	188.6	13.9	197.7	10.9	210.3	8.5	219.3	11.3	242.5	10.9	262.6	16.8	272.7	16.4	266.9	17.5	272	15.1	288.1	-999	-999	-999	-999
20130319	160000	-999	-999	-999	-999	-999	-999	24.2	223.3	11.2	160.8	30.4	151.8	26.3	146.6	21.7	143.8	17.7	156.8	18.9	159.6	17.4	179.3	15.2	168.2	13	176	4.9	184.7	10.7	189.1	9.7	153.7	5.8	172	11.1	208	14.9	238.8	13.9	276.2	-999	-999	-999	-999
20130319	170000	-999	-999	-999	-999	-999	-999	7.9	201.7	36.2	111.2	24.2	159.5	31.1	149.1	21	151.6	21.7	151.7	11.9	165.4	7.6	154.4	6.2	107	9.5	189.1	8.6	234.5	11.5	236.3	14.3	266	15.2	275.7	18.7	279.6	18.5	264.4	16	269.3	-999	-999	-999	-999
20130319	180000	-999	-999	-999	-999	-999	-999	14.7	354.5	28.3	120.5	37.5	154.7	29.2	149.6	27.9	159.4	15.9	153.9	16.7	144.5	11.6	113.9	12.3	111.4	14	131.5	10.7	93.2	15.3	102	11.7	79.7	14	65.1	2.2	74.1	2.6	302.5	3.6	7.9	-999	-999	-999	-999
20130319	190000	-999	-999	-999	-999	-999	-999	-999	-999	31.8	131.3	48	134.9	37.6	153.8	32.5	152.3	21	163.7	10.6	157.3	12.3	166.4	11.1	151.3	9.9	130.9	13.6	144.9	11.2	196	5.5	247.6	12.4	274.2	10.9	271.6	7.8	287	8.4	310.2	-999	-999	-999	-999
20130319	200000	-999	-999	-999	-999	-999	-999	-999	-999	32.9	140.3	83.3	157.6	80.3	157.2	73.7	154.3	65.5	156.4	60.1	154.9	55.8	158.4	44.8	155.8	44.9	152.4	32.9	148.1	25.2	162.2	24.3	157.5	16.4	175.8	14.8	213.7	16.1	233.8	10	257.9	-999	-999	-999	-999
20130319	210000	-999	-999	-999	-999	-999	-999	-999	-999	48.5	132.1	79.1	151.3	85.9	151.1	81	148.8	70.1	151.4	69.9	155.3	55.9	160.5	46.3	173.1	31.6	178	18	201.2	25.2	225	27.2	247.1	30.2	255.8	26.1	254.9	21.8	265.8	17.7	259.3	-999	-999	-999	-999
20130319	220000	-999	-999	-999	-999	-999	-999	-999	-999	39.8	137.4	65.1	165.5	70.1	157.5	61.9	161.7	53.1	169.7	40.3	163	29	172.5	3.4	195.3	9.5	12.1	13.3	40.7	17	76	12.7	87.7	10.3	79.3	4.3	76.6	5.8	329	9.9	278.7	-999	-999	-999	-999
20130319	230000	-999	-999	-999	-999	-999	-999	-999	-999	35.1	146.6	40	169.2	47.8	167.1	26.4	185.6	5.7	212	9.1	320.4	3	336	7.9	67.7	11.5	89.5	5	69	4.9	84.2	1.6	75.1	1.9	348.1	5.3	271.1	5.8	92	2.4	170.5	-999	-999	-999	-999
20130320	0	-999	-999	-999	-999	-999	-999	-999	-999	12.1	189	13.9	128.9	19.5	37.7	32.9	22.7	33.8	21.9	22.3	14.8	18.3	24.5	10.1	27.8	3.5	149	5.8	111.3	3.9	329.5	1.5	273.8	4.2	270	5.7	277	6.8	281	11.9	260.3	-999	-999	-999	-999
20130320	10000	-999	-999	-999	-999	-999	-999	-999	-999	9.2	301.3	3.6	33.7	13.5	13.3	23.2	13	18.4	24.8	10.8	23	10.9	332	6.3	296.6	4.8	49.3	5.1	116.6	4.7	218.1	2.8	242.5	4.7	266.3	3.4	324.5	4.4	298.3	7.1	298.7	-999	-999	-999	-999
20130320	20000	-999	-999	-999	-999	-999	-999	-999	-999	8.3	309.6	29	24	25.7	14.4	19.9	9.6	16.3	335.3	20.6	314.8	7.6	292.5	3.8	3	0.2	296.6	0.4	123.7	3.6	155.6	2.5	348.2	2.2	198.4	3.9	240.8	1.8	250.6	4.2	281	-999	-999	-999	-999
20130320	30000	-999	-999	-999	-999	-999	-999	-999	-999	15.6	307.5	15.4	338.6	21	328.8	28.6	333.6	17	334.2	6.8	317.4	1.3	122.5	6.5	83.9	3.9	100.4	1.1	232.1	0.8	240.3	3.1	213.2	2.8	159	6.6	223.8	2.5	241.4	3.3	310	-999	-999	-999	-999
20130320	40000	-999	-999	-999	-999	-999	-999	-999	-999	3.2	351.1	12.7	331.2	16.9	331.3	19.2	333.4	20.1	322.3	11	298.2	5.1	232.2	6.5	332.7	9.6	288.8	2.5	281.8	4.1	202.8	5.9	285.7	5.8	248.7	3.4	157.2	4.1	162.9	4.7	118.2	-999	-999	-999	-999
20130320	50000	-999	-999	-999	-999	-999	-999	-999	-999	5.6	26.6	2.8	353.9	15	296.1	12.7	287.4	16.1	263.6	14	243.6	5.9	285.7	9.6	265.8	5.6	217.1	7	253.4	6.8	267.5	5.9	229.8	6.1	231.6	4.5	270	7.8	267.8	7.4	285.7	-999	-999	-999	-999
20130320	60000	-999	-999	-999	-999	-999	-999	-999	-999	1.8	106.4	7.2	131.6	3	315	6.4	289.3	4.5	203.7	4.3	241.1	6	274.8	7.9	268.5	11.6	273.9	9.6	256.1	11	263.2	13.5	270	6.8	272.5	9	250	11	261.1	13	262.5	-999	-999	-999	-999
20130320	70000	-999	-999	-999	-999	-999	-999	-999	-999	5.4	117.5	10.9	139.9	3.4	30.4	9.2	308.4	11.1	16.8	4.9	35.9	5.9	87.1	3.5	88.4	3.6	58.5	2	143.1	4	218.9	3.8	277.5	7.5	259.3	7.6	281.3	7.7	277.5	5	265.4	-999	-999	-999	-999
20130320	80000	-999	-999	-999	-999	-999	-999	-999	-999	12.6	146.3	20.4	128.8	8.1	133	6.8	287.1	6.8	315	8	71.8	11	73.1	2.6	69.4	1.5	19.7	3	279.5	3.4	240.5	3.3	332.7	1.6	187.1	3.4	298.1	4.7	295.5	3.7	292.4	-999	-999	-999	-999
20130320	90000	-999	-999	-999	-999	-999	-999	-999	-999	5.2	138.1	14.5	164.4	8.6	148.3	4	347	1.9	18.4	9.4	107.3	5.1	114.1	2	98.5	0.6	301	3.9	62.8	3.7	325	4.3	219.3	5.8	303.7	6.4	293.8	6.3	295.3	8	257	-999	-999	-999	-999
20130320	100000	-999	-999	-999	-999	-999	-999	-999	-999	8.7	171.4	5.1	209.6	4.8	334	14.9	8.1	17.4	355.7	10	34.8	5.3	88.9	3.6	141.8	2.5	85.4	9	112.9	2	11.3	3.6	9.5	2.2	280.3	9.2	264.4	7.7	291.3	6.8	287.9	-999	-999	-999	-999
20130320	110000	-999	-999	-999	-999	-999	-999	45.9	39.2	17.9	15.6	11.4	357.5	19	344.1	26	339.1	26.5	344.9	14.4	332.7	7.9	358.5	8.9	76.4	8.4	56.7	7.6	60.1	0.8	277.1	0.8	119.7	3.6	80.3	4.9	265.3	5.6	261.7	4.9	287.7	-999	-999	-999	-999
20130320	120000	-999	-999	-999	-999	-999	-999	24	326.9	23.4	332	43.2	338.8	36.4	334.6	36.8	327.8	28.2	330.9	15.5	336.4	9.6	338.5	5.4	141	6.3	251.6	5.2	224.2	7.4	210	9.5	248.3	2.1	240.9	1.7	273.4	2.4	225	1.4	0	-999	-999	-999	-999
20130320	130000	-999	-999	-999	-999	-999	-999	14.9	295.9	23.7	315.5	39.6	346.6	39.1	344.3	27.6	347.7	16.3	351.9	9.3	341.2	10.3	333.4	5.1	240.4	12.5	284.4	13.1	277.5	13.9	258.8	18.3	272.8	15.8	271.5	15.6	273.3	13.8	255.3	14.4	279.6	-999	-999	-999	-999
20130320	140000	-999	-999	-999	-999	-999	-999	17.2	305.5	28.7	338.7	28.5	355.8	15.2	357	8.4	335.3	6.9	300.7	13.6	250.6	14.2	258.2	12.9	253.8	11.5	256.9	5.8	241.2	9.9	258.9	6.2	299.1	3	344.6	4.8	275.9	6.2	311.7	6.4	291	-999	-999	-999	-999
20130320	150000	-999	-999	-999	-999	-999	-999	3.6	140.6	19.9	246.7	14.3	351.1	7.6	317.1	10.1	229.4	12	273.3	11.3	249.8	13.8	243.8	11.6	261.6	10.9	246.3	13.5	258	10.7	270	11.6	258.6	11.2	257.1	9.8	257	8.2	274.2	8.2	267.2	-999	-999	-999	-999
20130320	160000	-999	-999	-999	-999	-999	-999	25.2	153.1	22.1	185.5	7.4	169.9	10	151.9	6.4	151	10	208.6	5	215.3	6.7	215.8	6.8	216	9.1	241.7	8.1	252.7	13.7	238.7	8.9	256.4	11.9	259.8	8	275	12.3	272.8	10.3	271.1	-999	-999	-999	-999
20130320	170000	-999	-999	-999	-999	-999	-999	24.7	178.6	40.4	146.2	18.5	129.5	7.6	130.2	3	164.6	5.7	166.9	5.6	161.2	6.1	186.5	6.8	214.9	13.4	219.5	11	246.9	4.7	214.7	11.9	261.3	10.2	251.2	9	252.6	7.9	256.1	12.3	236.3	-999	-999	-999	-999
20130320	180000	-999	-999	-999	-999	-999	-999	43.5	137.4	30.5	152.4	42.7	151.5	32.2	152.8	13.5	146.2	21.1	148	13.2	146.4	12.6	159.1	7.9	179.3	10.3	183.3	6.9	209.5	7.6	213.7	6.8	240.8	6.3	250.4	5.7	279.1	4.7	315.9	8.1	315.5	-999	-999	-999	-999
20130320	190000	-999	-999	-999	-999	-999	-999	69.2	157.3	42.9	134.5	61.7	145.4	39.3	153.2	26.4	162.4	12.3	148.6	8.5	145.6	2.4	253.1	4.5	239.5	7	249	5.8	254.1	14.1	252.7	8.8	258.2	10	271.7	12.6	287.1	11.7	275.4	17	292.2	-999	-999	-999	-999
20130320	200000	-999	-999	-999	-999	-999	-999	-999	-999	8.3	171.7	78.9	146.7	63.8	151.7	33.6	166.4	8	176.4	5.3	231.2	3.5	219.2	2.7	274.2	7	293.6	1.1	318.8	5.1	270	1.3	161.6	7.5	261.5	4.4	304.8	3.1	231.6	3.1	249.2	-999	-999	-999	-999
20130320	210000	-999	-999	-999	-999	-999	-999	-999	-999	55.6	119.2	83.7	150.3	81	157.1	60.7	158	41.4	178.9	23.1	201.9	12.7	263.2	6.1	335.9	2.7	145.7	2.6	69.4	3.6	116.6	1.6	86.4	2.2	159.1	0.9	341.6	2	130.9	3.3	162.1	-999	-999	-999	-999
20130320	220000	-999	-999	-999	-999	-999	-999	-999	-999	93.1	141.1	89.9	156.9	89.7	160.5	77.3	163	59.9	170.7	44.3	181.4	28.6	225.3	18.6	279.9	15.2	276	12.2	236	7.4	210	5.5	168.5	7.8	87.1	7.3	96.3	9.3	117.7	8.8	85.5	-999	-999	-999	-999
20130320	230000	-999	-999	-999	-999	-999	-999	-999	-999	79.2	97.7	82	155.5	83.1	157.3	68.9	164.6	48.4	176	29.7	206.4	26.2	265	18.6	302.2	16.7	293.3	13.7	261.2	12.5	208.2	3.6	257.1	6.1	246.8	0.5	53.1	5.3	86.8	7.9	97.3	-999	-999	-999	-999
20130321	0	-999	-999	-999	-999	-999	-999	-999	-999	46.8	101.3	46.1	165.5	58.2	156.9	44.9	168	19	182.1	3.2	61.8	4.7	28.2	8.1	46.5	6.6	93.5	4.1	188.3	4.2	242.8	4.5	239.5	6	291.4	1	275.7	6.4	271.8	1.1	318.8	-999	-999	-999	-999
