20130310	00000	-999.00 	-999.00 	-999.00 	-999.00 	-999.00 	-999.00 	-999.00 	-999.00 	44.10 	161.50 	60.9	155	80.3	148.3	90.7	149.4	82.5	150.8	86.2	151.5	85	149	83	139.3	88.3	146.4	81.9	146.8	85	145.8	73.8	152.5	72	146.6	60.8	150.5	60.1	152.8	45.3	158	46.3	172.9	37.3	159.4	36.2	168.4	23.5	175.8	27.3	193.6
20130310	10000	-999.00 	-999.00 	-999.00 	-999.00 	-999.00 	-999.00 	-999.00 	-999.00 	72.40 	168.50 	86.1	158.5	97.1	156.1	106.3	154.1	105.3	151.4	104	149.4	101.4	148	103.4	144.4	91.4	141.8	82.7	135.5	74.4	136.3	66.8	134.1	63.9	135.4	55.2	138.2	50.3	134.4	41.9	135.4	33.8	139.3	24.1	143.6	23.3	157.5	21.1	161.5	28.3	178
20130310	20000	-999.00 	-999.00 	-999.00 	-999.00 	-999.00 	-999.00 	-999.00 	-999.00 	-999.00 	-999.00 	99.9	157.4	111.9	163.4	126.5	146.4	120.2	148.4	119.9	146.5	118.3	145	125.8	141.6	115.8	140.7	116.1	139.8	107.3	136	106.4	138.3	98.6	138.9	95.8	140.6	86.3	131.7	78.7	137	79.8	135.9	74.9	131.8	68.8	139.4	67.1	137.9	61.1	137.4
20130310	30000	-999.00 	-999.00 	-999.00 	-999.00 	-999.00 	-999.00 	-999.00 	-999.00 	-999.00 	-999.00 	60.5	185.4	76.5	166.8	80.4	157.6	84.3	153.3	83.6	153.4	84.2	148.9	81.3	148.8	76.6	142.8	73.6	145.2	65.4	143.6	65.3	142.8	61.1	142	61.1	145.1	51.4	142.1	39.9	148.5	25	151.8	30.7	145.5	13.3	131.3	12.9	88.7	15.1	75
20130310	40000	-999.00 	-999.00 	-999.00 	-999.00 	-999.00 	-999.00 	-999.00 	-999.00 	-999.00 	-999.00 	57.2	223	40.6	219.1	39.3	160	42.8	162.6	30.2	158.3	36.7	148.1	29.3	143.6	20.4	123.6	18.1	102.7	17.1	61	12.9	66.6	9.1	41	8.6	79.2	11.1	64.4	9.5	66.4	9.1	37	8.2	61.6	7.9	54.3	7.1	4	6.2	6.4
20130310	50000	-999.00 	-999.00 	-999.00 	-999.00 	-999.00 	-999.00 	-999.00 	-999.00 	-999.00 	-999.00 	28.2	282.1	14.7	332	16.6	2.8	29.8	44.7	27.7	51.6	24.1	45.5	33.9	50.1	37.1	47.4	39.1	55.7	40.4	53.9	36.8	48.6	31.2	49.4	33	60	12.8	71.8	12.2	79.2	8.5	26.6	10.5	0.6	9.3	346.3	13.1	281.5	20.1	252.9
20130310	60000	-999.00 	-999.00 	-999.00 	-999.00 	-999.00 	-999.00 	-999.00 	-999.00 	28.20 	292.30 	25.5	321.2	11.1	318.3	24	277.9	16.5	277.6	20.8	301.9	15.8	273.3	20.2	302.7	23.8	306.6	12.2	311	15.9	334.7	22.1	339.9	27.9	348.9	33.7	345.6	42.8	358	49.1	4.4	52.7	2.6	61.8	13	60.3	12.5	57.9	22	47.4	29.4
20130310	70000	-999.00 	-999.00 	-999.00 	-999.00 	-999.00 	-999.00 	-999.00 	-999.00 	58.20 	290.60 	35.8	287.7	19.4	314	18.8	297.5	24.8	279.5	24.2	311.1	19.5	306.9	31.1	316.7	35.7	324.6	29.7	341.8	48.2	340.6	54.5	336.4	53.7	352.7	65.7	351.6	66.8	357.3	74.2	359.4	71.2	359.4	65.1	4.8	65.1	7.1	54.1	15.8	44.8	13.5
20130310	80000	-999.00 	-999.00 	-999.00 	-999.00 	-999.00 	-999.00 	-999.00 	-999.00 	37.50 	273.80 	21.9	309.1	17.5	325.9	22.4	6.9	25.6	2.7	34.3	357.8	46.8	7.7	61	10	63	13.6	59.7	8.6	66.1	10.1	60.5	13.1	55.4	4.7	58.8	9.2	56.8	7	52.1	0.2	56.6	6.3	48.9	351.8	37.9	356.1	29.5	345.5	23.1	340.6
20130310	90000	-999.00 	-999.00 	-999.00 	-999.00 	-999.00 	-999.00 	-999.00 	-999.00 	9.30 	1.20 	18.2	346	9.9	7	12.1	39	1.7	45	4.8	54.3	10.3	271.7	5.9	236	9.4	241.2	10.9	162.4	14.9	200.9	14.8	170.3	10.2	142.6	3.9	67.4	22	32.8	32.9	20.9	41.7	16.1	64.8	13.4	64.5	5.3	63.1	2.9	71.3	4.7
20130310	100000	-999.00 	-999.00 	-999.00 	-999.00 	-999.00 	-999.00 	-999.00 	-999.00 	13.90 	327.30 	15.8	317.1	18.8	296.2	22	299.9	20.8	302.2	22	319.1	17.7	322.8	24.8	329.5	26.5	338.1	26.8	359.6	41.8	353.8	34.3	7	44.2	15.4	42.9	14	43.6	11.5	45.9	20.9	43.2	12.2	45.5	1	35.4	350.6	34	354.1	21.4	358.1
20130310	110000	-999.00 	-999.00 	-999.00 	-999.00 	-999.00 	-999.00 	-999.00 	-999.00 	50.40 	195.80 	10.2	155.2	4.5	56	3.3	46.2	4.8	163.1	1.9	186	2.2	270	7.9	273.6	1.1	213.7	4.3	298.9	9.1	290.6	7.2	305.9	3.1	345.1	8.3	281.2	4.6	299.9	8.1	251.3	11.2	264.9	8.9	270.6	12.6	270.9	14	261.8	19.2	256.1
20130310	120000	-999.00 	-999.00 	-999.00 	-999.00 	-999.00 	-999.00 	-999.00 	-999.00 	48.70 	165.40 	21.9	187.1	26.9	164.9	30.9	178.2	29.3	155.8	21	150.9	16.1	168.9	11	181	3.8	180	16.6	189	15	198.3	8.5	161.6	10.2	212.1	14.4	220.8	9.2	181.3	9.4	227.2	10.5	270.6	4.9	319.1	9.4	305	13.2	262.6	15.6	321
20130310	130000	-999.00 	-999.00 	-999.00 	-999.00 	-999.00 	-999.00 	-999.00 	-999.00 	45.00 	173.90 	46.1	174.2	31.5	182	45.3	163.4	49.5	166.4	42.9	154.6	52.7	158.1	45.8	156.3	46.3	153.4	42.2	141	45.2	141.6	37.4	146	43.4	152.4	37.3	138.2	40.8	142.2	42	142	33.8	135.7	44.9	149	36.1	155.8	35.6	173.7	33	176.2
20130310	140000	-999.00 	-999.00 	-999.00 	-999.00 	-999.00 	-999.00 	-999.00 	-999.00 	25.40 	190.20 	28.3	169.8	35.7	143.8	72.9	149.5	75.5	153.2	66.8	145.3	64.4	145.1	67.4	145.8	67.3	148.3	61.6	140.2	58.5	145.4	59.5	142.9	53	141.9	58.3	152	61	151.8	44.9	165	40.1	167.8	31.3	182	29.7	191.8	24.3	208.3	25.6	230.7
20130310	150000	-999.00 	-999.00 	-999.00 	-999.00 	-999.00 	-999.00 	-999.00 	-999.00 	13.30 	127.70 	38.3	159.2	39.4	150.3	54.3	148.6	58	146.9	47.7	146.3	46.2	139.3	52.2	137.6	48.6	146.8	42.1	141.2	36.9	134.8	29.4	147.7	27.9	143.5	19.4	158.2	6.4	168.3	8.4	334.6	8	251.1	18	272.2	17.9	276.7	20.6	294.3	13	297.6
20130310	160000	-999.00 	-999.00 	-999.00 	-999.00 	-999.00 	-999.00 	-999.00 	-999.00 	25.60 	19.40 	21.1	137.7	27.5	184.2	29.2	178	18.8	180	21.4	144.7	8.7	160.5	7.2	41.6	11.9	38.5	23.3	33.1	21.5	37.2	21.2	53.8	14.4	38.2	17.9	7.4	10	359.4	9.3	49.8	9.1	292.6	10.7	284.6	15.9	262	16.6	277.3	26.5	283.1
20130310	170000	-999.00 	-999.00 	-999.00 	-999.00 	-999.00 	-999.00 	-999.00 	-999.00 	92.10 	6.20 	45.3	9.2	22.9	19.4	26.4	24.6	24.3	17.2	22.4	15	26.3	3.7	36.8	350.6	43.4	357.9	42.6	351	39.1	354.1	35.4	348.4	23.1	355.8	23.9	4.8	23	343.6	20.9	322.6	18.6	307.8	26.6	293.5	17.9	257.4	19.7	268	20.4	266.9
20130310	180000	-999.00 	-999.00 	-999.00 	-999.00 	-999.00 	-999.00 	-999.00 	-999.00 	77.70 	348.00 	39.7	357.1	36.2	343	31.4	333.1	29.4	304.2	22.7	311.6	21.4	303.4	21	291.8	15.3	286.3	10.7	281.8	20.5	297.9	18.5	289.2	26.6	327.9	31.2	349.5	43.7	354.8	57.4	0.9	79.4	356.6	91.5	357.1	90.5	359.3	89.2	358.7	78.5	4.1
20130310	190000	-999.00 	-999.00 	-999.00 	-999.00 	-999.00 	-999.00 	112.80 	8.70 	73.70 	4.10 	59.4	354.4	60.2	347.1	65.2	350.6	70.5	2	75.4	5.4	90.9	7.6	99.7	9.8	94.1	10.1	80.7	16.2	88.2	13.9	84.9	22.2	73.6	14.2	64.3	8.9	54.7	10.3	41.5	359.4	34.6	359.3	28.3	355.5	21.3	330.4	21.6	303.7	22.1	277
20130310	200000	-999.00 	-999.00 	-999.00 	-999.00 	-999.00 	-999.00 	124.80 	15.30 	88.80 	12.50 	91.1	11.5	97.2	12.8	91.2	13.2	81	15.2	76.7	13.9	74.8	17.3	75.7	17	78.9	19.2	70.5	8.7	77.8	17.6	62.1	10.6	55.8	12.6	48.8	359.3	38.3	359.3	23.3	329.6	15.2	312.6	25.4	304.8	19.7	280.9	12.6	293.3	13.2	270
20130310	210000	-999.00 	-999.00 	-999.00 	-999.00 	-999.00 	-999.00 	78.90 	8.10 	46.30 	24.60 	32	27.5	37.8	29.6	29.7	47.7	24.4	47.8	20.1	49.2	14.6	48.9	21.3	38.9	14.8	52.1	17.8	61.4	12.1	40.3	23.7	38	25.1	37	32.2	18.5	31.3	1.8	34	5.6	32.2	6.4	30.8	355.2	30.5	351.1	19.1	344.8	19.1	306.3
20130310	220000	-999.00 	-999.00 	-999.00 	-999.00 	-999.00 	-999.00 	42.30 	355.50 	6.60 	340.50 	7.8	78.1	16.2	88.2	16.1	85	21.3	70.8	9.3	79.4	9.6	4.2	8.5	345	7.5	340.6	9	264.3	13.4	284.7	15.5	265.6	20.8	301.6	22	261.4	21.9	283	29.8	279.1	31.3	269.8	30.1	273	26.6	265.9	33.6	268.5	32.1	277.7
20130310	230000	-999.00 	-999.00 	-999.00 	-999.00 	-999.00 	-999.00 	19.80 	302.00 	10.50 	183.80 	22.6	157.1	50.1	162.7	47.8	164.3	45.4	160.3	43.2	165.9	37.8	170.7	38.6	161	33.6	184.6	33.6	174.9	26.3	169.9	23.7	213.8	13.2	191.8	17	217.3	8.8	238.5	19.9	258.7	23	280.8	20	290.8	18.8	262	25.8	260.2	17.6	268.4
20130311	00000	-999.00 	-999.00 	-999.00 	-999.00 	-999.00 	-999.00 	-999.00 	-999.00 	31.50 	153.80 	46.5	148.8	75	153.7	83.7	152.8	86.4	153.3	75.1	156.4	60.8	152.7	63.8	155.4	55.9	152.4	58.1	149.9	44.1	146.3	37.6	150.4	31.1	152	34.4	158.9	23.7	161.6	15.6	160.5	18	164.2	18.5	203.5	13	218.4	17.6	244.8	29	237.4
20130311	10000	-999.00 	-999.00 	-999.00 	-999.00 	-999.00 	-999.00 	-999.00 	-999.00 	73.10 	143.90 	88.6	155.8	89.8	159.1	105.6	159.4	93	151.6	102.3	152.4	101.2	153.2	99.1	146.2	93	144.9	97.2	145.8	91.8	145.3	91.1	142.7	86.6	145.3	78.9	145	69.6	142.5	65.9	140.7	52.8	139.9	38.5	149	27.4	155.9	21.5	167.4	26.3	181.3
20130311	20000	-999.00 	-999.00 	-999.00 	-999.00 	-999.00 	-999.00 	-999.00 	-999.00 	93.20 	176.90 	99.3	167.6	107	159.4	112.2	155.1	117.8	150.2	105.4	148.5	105.3	147.7	107.3	143.3	102.5	144.6	100.2	138.4	87.4	139	81.8	136.5	79.3	145.6	69.3	148.2	66.2	149.3	45.3	136.5	39.9	135.8	32.1	139.3	26.4	135.8	19.9	179.1	19	155.7
20130311	30000	-999.00 	-999.00 	-999.00 	-999.00 	-999.00 	-999.00 	-999.00 	-999.00 	-999.00 	-999.00 	74.7	159.2	95.1	157.9	106	149.3	103	145.9	102	146.3	99.9	140	94.1	144.6	91.3	143.6	86.2	140	82.8	140.7	69.6	140.4	69	134.9	60.7	139.7	52.5	137.7	43.8	134.4	37.4	132.6	33.6	132.9	20.2	122	13.6	65.7	19.5	50.4
20130311	40000	-999.00 	-999.00 	-999.00 	-999.00 	-999.00 	-999.00 	-999.00 	-999.00 	-999.00 	-999.00 	57.7	165.2	54.2	171.8	56.1	156.4	66.1	147	60.6	147.8	66.2	152.3	65.9	140.5	62.8	139	65	137	49	128.8	50.2	130.1	44	130.4	40.6	128.4	39.6	124.8	30.3	139.3	16.9	141.5	10	143.9	11.7	171.7	15.2	249.5	20.3	266.3
20130311	50000	-999.00 	-999.00 	-999.00 	-999.00 	-999.00 	-999.00 	-999.00 	-999.00 	-999.00 	-999.00 	53.6	220.6	14.2	215.8	21.3	159.9	17.9	114.8	17.4	78	25.7	69	33.6	61.4	28.4	73.6	25.1	94.3	16	104.1	10.2	73	6.6	345.1	17	308.1	16.4	269.3	21.5	277.8	19.9	284.5	15.9	293	14.2	268	9.3	237.3	7.2	304.8
20130311	60000	-999.00 	-999.00 	-999.00 	-999.00 	-999.00 	-999.00 	-999.00 	-999.00 	24.00 	320.10 	29.6	333.1	22.5	352.3	28.6	4.6	28.8	20.1	33.8	26.7	41	34.2	44.1	41.1	40.9	33	46.1	28.3	38.1	31.1	33.3	26.8	30.2	29.8	25.3	46.3	21.5	50.1	16.3	45	6.5	73	4.9	301.8	9.7	275.9	15.4	239.6	4.3	187.9
20130311	70000	-999.00 	-999.00 	-999.00 	-999.00 	-999.00 	-999.00 	-999.00 	-999.00 	94.90 	283.70 	60.5	275.9	27.2	303.5	28.9	282.2	30.7	289.8	30	285.1	29.4	283.8	28.9	286.3	28.4	319	28.5	335.1	41.4	339.9	53.4	350.4	67.4	355.6	70.8	358.1	69.2	2.5	67.3	5.8	68.5	8.5	69.4	3.2	60.8	13.2	57.9	13.9	50.6	9.7
20130311	80000	-999.00 	-999.00 	-999.00 	-999.00 	-999.00 	-999.00 	-999.00 	-999.00 	77.70 	301.30 	42.5	319.3	36.4	345.2	45.8	353.1	45.6	352.6	53.5	354.6	51.5	3.3	61.5	2.7	62.2	10	57.3	14.9	58.9	15.9	53.4	19.4	64.4	18.9	67	14.2	65.5	7.3	59.1	8.1	60.9	9.9	49.6	5.4	41.7	352	28.9	340.8	32.4	320.5
20130311	90000	-999.00 	-999.00 	-999.00 	-999.00 	-999.00 	-999.00 	76.90 	290.30 	58.80 	290.30 	36	341.7	42.9	358.5	47.5	1.5	43.7	8.7	44.6	12.3	54.1	3.2	48.6	358	50.4	4.7	48.9	1.4	50	0.9	45.2	359	38.8	355	34.9	0.3	34.3	5.7	35.4	359.7	36.4	354.8	43.9	347.1	32.4	342.4	29.9	322.2	20.3	321.2
20130311	100000	-999.00 	-999.00 	-999.00 	-999.00 	-999.00 	-999.00 	93.30 	284.00 	74.20 	272.80 	28.7	288.5	19.7	284.7	23.9	290.1	23.4	280.4	12.6	292.3	16.6	270	23.7	289.2	20.6	290.7	19.2	285.7	25.7	295.4	19.8	294.1	26.6	286.8	25.4	299.8	36.6	334.6	39.6	5.8	61.4	13.2	76.6	13.4	76.1	17.2	69.7	14.8	63.5	10.7
20130311	110000	-999.00 	-999.00 	-999.00 	-999.00 	-999.00 	-999.00 	48.50 	278.50 	28.40 	292.80 	30.7	299.6	16.9	343.8	7.5	46.1	10.5	27.8	1.4	257.9	1.6	166	7.7	184.5	7.7	230.8	9.4	207.9	14.7	245.5	22.5	264.4	19.9	259.6	25.4	229.2	16.7	249.7	14	253	18	283.8	16.4	288.9	17	260.2	21.1	284	16	270
20130311	120000	-999.00 	-999.00 	-999.00 	-999.00 	-999.00 	-999.00 	59.20 	232.30 	43.30 	230.30 	14.6	191.1	31	138.8	24.4	122.3	13.1	111.5	6.3	246.7	5	219.4	7.4	265.4	12.8	244	12.5	246.9	16.7	232	16.9	232	15.7	242.8	10.2	237.4	9.4	235.8	9.4	273.6	18.8	290.3	15.6	270	15.4	283.5	12.4	261.2	12.9	293.2
20130311	130000	-999.00 	-999.00 	-999.00 	-999.00 	-999.00 	-999.00 	-999.00 	-999.00 	64.80 	212.80 	50.8	204.7	55.2	178	51.3	172.8	58	167.9	56.8	164.9	53.6	157.1	60.8	154.4	56.2	151.7	52.7	142.6	50.8	147.1	62.3	139.7	50.7	149.4	47.7	156.5	46.1	149.2	43.6	157	27.1	156.1	23.4	168.6	18.2	181.6	20.1	208.9	28.4	221.2
20130311	140000	-999.00 	-999.00 	-999.00 	-999.00 	-999.00 	-999.00 	-999.00 	-999.00 	79.40 	162.90 	85.5	162.4	80.5	164.5	91.6	161.4	77.9	157.1	88.7	158.6	93.4	156.6	91.4	147.7	87.6	145.7	90	143	91.8	140.9	87.5	143.6	85.9	141.5	85.6	139.1	78.8	142.3	79.2	140.2	73.9	142.3	63.8	146.4	58.2	148.5	56.3	150.2	51.7	168.7
20130311	150000	-999.00 	-999.00 	-999.00 	-999.00 	-999.00 	-999.00 	-999.00 	-999.00 	62.50 	162.70 	89.1	170.7	92.6	175.3	92.6	172.1	76	161.2	72.5	154.7	69.3	151.8	68.7	150.9	66.8	145	65.5	134.6	64.6	137.6	59.2	132.1	55	140.8	48.5	132.2	44.5	134	34.8	138.3	35	131.3	23	112.8	19.8	131.7	8.1	123.9	11.7	121
20130311	160000	-999.00 	-999.00 	-999.00 	-999.00 	-999.00 	-999.00 	-999.00 	-999.00 	43.50 	152.50 	56.2	161.5	62.3	171.4	58.3	172.4	54.1	161	47.3	153.2	43.2	139.6	45.9	146.3	45.5	136.2	48.9	133.5	47	139.4	40.5	128.7	34.9	131.5	34.7	138.3	28.6	139.1	19.1	160.1	14.8	213.7	13.5	225.3	17.6	264.1	28.1	276.9	24.6	271.6
20130311	170000	-999.00 	-999.00 	-999.00 	-999.00 	-999.00 	-999.00 	-999.00 	-999.00 	29.80 	192.40 	26.6	212.7	7.6	225.5	4.9	170.5	4.7	62.4	13.4	44.7	22.2	41.7	33.6	58.9	24.1	52.8	13.9	69	5.7	333	15.5	292.4	26.6	290.7	17.1	271.7	15	291.4	12.9	273.6	14.9	298.8	9.9	316.6	8	246.3	8	312.5	4.9	241.9
20130311	180000	-999.00 	-999.00 	-999.00 	-999.00 	-999.00 	-999.00 	-999.00 	-999.00 	30.10 	68.10 	22.5	347.4	15	8	19.6	354.4	19.1	26.8	25.4	3.6	31.6	12.1	36.7	6.1	45.7	10.5	57.2	5.9	54.8	11.7	57.5	4.2	49.3	10.2	49.2	9	39.7	11.3	24.8	11.4	16	338.4	12.9	3.1	13.3	351.8	13.7	307.3	7.5	254.5
20130311	190000	-999.00 	-999.00 	-999.00 	-999.00 	-999.00 	-999.00 	78.50 	316.80 	63.80 	318.00 	12.1	327.5	18.1	295.9	11.5	277.5	16	309.7	10.7	249.2	8.2	296.9	12.3	290.5	7.2	291.9	10.3	312.6	3.6	262.1	6.4	41.2	23.2	10.4	36	17	58.1	13.9	75.3	6.6	81.4	1.3	90	359.1	91.6	357.2	86	1.5	72.8	4.3
20130311	200000	-999.00 	-999.00 	-999.00 	-999.00 	-999.00 	-999.00 	99.50 	317.90 	80.50 	326.80 	57.8	350.4	68.1	356.9	70.3	358.5	80.8	5.5	74.6	6.1	67.4	11	63.9	5.8	60.3	15.2	48.3	11.3	43.9	16	36.7	16.3	22.3	19.4	19.7	18.1	15.4	0	18.2	343.8	17.3	312	7.6	315	10.2	258.7	12.4	292.2	14.2	275.7
20130311	210000	-999.00 	-999.00 	-999.00 	-999.00 	-999.00 	-999.00 	72.40 	337.40 	69.30 	356.40 	65	8.8	59.4	3.4	66.5	11.9	66.4	10.1	61.1	11	66.1	6.3	54.6	6.2	63.2	9	57.3	11.5	55.5	17.3	58	14.8	47.7	10.7	48.9	17.4	43.5	13	34.2	11.1	33.6	347.8	38.8	356	28.7	339.4	16.3	331.1	10.4	278.8
20130311	220000	-999.00 	-999.00 	-999.00 	-999.00 	-999.00 	-999.00 	34.90 	351.60 	42.10 	349.00 	51.2	12.8	58.3	13.6	56.2	16.3	55.5	15.3	51.9	21.6	50	28.1	56.7	31.9	48.9	30.8	49	31.2	44.9	32.8	45	28.8	29.9	28.8	29.4	23	26.2	43	25.5	14.5	15.9	2.2	10.3	336.7	11.4	295.9	21.1	285.1	20.9	280.2
20130311	230000	-999.00 	-999.00 	-999.00 	-999.00 	-999.00 	-999.00 	32.70 	354.70 	6.30 	284.70 	14.6	93.1	21.9	86.6	21.6	72.5	20.9	76.7	13.9	67.1	17	54.3	14.2	58.5	11	111.2	7.3	195	10.5	264	6.5	252.1	6.8	211.1	12.2	263.9	18.7	263.9	24.4	277.3	32.9	257.7	29.5	272.5	29.3	264.3	36.3	274.3	28.6	275.4
20130312	00000	-999.00 	-999.00 	-999.00 	-999.00 	-999.00 	-999.00 	36.00 	235.70 	41.50 	211.40 	23.2	162.7	33.4	162.8	39.4	159.9	36.3	160.4	34.9	178.7	31.5	169	26.3	165.7	32.5	169.6	27.9	176.5	28.7	162.4	32.7	166	27.7	145.2	25.2	164.4	29.7	164.8	28.2	183.7	26.4	197.6	23.2	192.7	23.8	214	25.8	216.3	20.8	226.6
20130312	10000	-999.00 	-999.00 	-999.00 	-999.00 	-999.00 	-999.00 	84.30 	173.90 	81.10 	164.80 	85.6	159.6	101.7	154.9	98	153.1	102.3	150.9	95.1	147.2	90	147.9	93.2	145.1	90.1	142.8	89.4	136.9	81.8	141.3	74.6	139.7	77.9	143.2	65.6	140.9	58.5	141.3	55.5	143.3	51.2	139.9	42.3	149.8	32.3	149.3	25.9	147.5	33.9	170.3
20130312	20000	-999.00 	-999.00 	-999.00 	-999.00 	-999.00 	-999.00 	-999.00 	-999.00 	107.10 	162.60 	126.2	159.7	125.6	151.6	132.1	155.7	135.1	152.2	132.8	149.8	132.9	150.9	132	147.8	129.7	145.6	126.5	145.2	111.8	145.6	107.4	142.2	100	145.1	87.8	145	77.4	149.5	56.8	145.8	47.9	142.6	42.1	144.9	41.1	135.7	34.9	121.3	31	120.9
20130312	30000	-999.00 	-999.00 	-999.00 	-999.00 	-999.00 	-999.00 	-999.00 	-999.00 	92.90 	175.50 	97.6	162.6	110.7	154	112.7	159.9	106	155.4	108.9	151.3	115.6	147	101.3	155	98.9	150.7	93.4	148.8	88.3	145.1	76.5	148.4	69.4	145	58.2	147.3	43.7	142.5	40.2	138.9	24.8	146.7	25.1	145.9	14.7	154.1	10.6	180	4.9	187
20130312	40000	-999.00 	-999.00 	-999.00 	-999.00 	-999.00 	-999.00 	-999.00 	-999.00 	-999.00 	-999.00 	66.9	187	72.6	170.4	72.5	161.2	73.3	158.3	66.6	154.4	77.5	153.6	74.3	157.1	74.6	153.7	69.4	149	55.2	147.2	56.9	146.8	46.1	146.2	34	147	31.7	154.6	28.6	137	16.4	138.2	14.2	137	12.4	148.5	9.2	219.3	15.1	211.5
20130312	50000	-999.00 	-999.00 	-999.00 	-999.00 	-999.00 	-999.00 	-999.00 	-999.00 	82.60 	231.50 	66.8	219.1	48.5	190.1	47.1	188.4	43.9	189.3	39.5	173.6	38.3	166	47.1	151.6	37.6	158.8	35	149.8	30	144.1	30.7	111.8	23.9	133	17	132.1	13	125.9	7.9	100.9	8.8	79.6	11.1	89.5	4.7	288.4	12.2	313.3	20.4	305.6
20130312	60000	-999.00 	-999.00 	-999.00 	-999.00 	-999.00 	-999.00 	-999.00 	-999.00 	85.60 	232.60 	50.8	244.6	13.9	263	17.6	294.1	7.8	274.4	10.5	25.4	10.7	16.9	19.9	31.9	23.9	39.7	20	41.4	16.4	41	16.7	47.9	8.3	71.8	4	7.1	10.4	298.8	9.5	263.9	10	255	7.4	256.7	9.8	270	6.1	268.1	17.5	279.2
20130312	70000	-999.00 	-999.00 	-999.00 	-999.00 	-999.00 	-999.00 	-999.00 	-999.00 	38.80 	264.80 	35.2	295.8	34.5	329.4	41.7	316	40.6	331.1	50.6	343.7	47.1	356.4	52.1	356.3	56.7	357.8	46.9	6.1	47	11.7	36.4	19.9	34.1	27	27.4	7.8	14.5	355.7	7	14.8	10	280.4	13.7	297.3	17	269	15.7	283.2	17.4	305.4
20130312	80000	-999.00 	-999.00 	-999.00 	-999.00 	-999.00 	-999.00 	63.40 	294.70 	33.00 	293.20 	25.5	313.6	24.8	316.3	30.4	344.6	33.1	340.4	41	351.7	40.4	4.4	53.2	11.8	48.3	19.7	45.6	18.2	63.1	16.7	55.3	8.8	70	6.1	61.6	5.6	54.3	11.4	61.1	5	49.9	15.8	51.9	9.5	45.1	359.6	45.6	354.7	30.3	11.2
20130312	90000	-999.00 	-999.00 	-999.00 	-999.00 	-999.00 	-999.00 	81.40 	329.30 	66.30 	328.80 	17.9	311.6	27.1	305.1	24.3	313.5	19.4	314	24.1	313.8	19.6	336.8	27.1	340.8	31.7	333.2	29.9	349.4	39.6	0.7	48.8	13.9	58.7	12.2	49.7	21.7	56.3	20.4	55.1	28.6	68.5	19.8	62.5	25.3	62.2	15.4	73.3	10.8	61.3	5.7
20130312	100000	-999.00 	-999.00 	-999.00 	-999.00 	-999.00 	-999.00 	60.50 	331.40 	31.20 	324.30 	17.3	325.9	21.6	325.4	14.4	322.3	17.6	321.2	19.7	344.1	18.5	328.7	15.2	343.9	23.9	341.7	24.4	348.2	23	346.4	30.3	6.4	30.4	20.8	43.4	32.3	42.5	43.2	44.3	39.3	45.5	27.9	57.1	14.8	58.9	12.4	55.2	6.2	64.3	358.9
20130312	110000	-999.00 	-999.00 	-999.00 	-999.00 	-999.00 	-999.00 	82.80 	323.70 	48.10 	322.50 	19.4	350.8	30.6	6.6	22	25.6	13.8	11.7	11.8	333.2	6.3	349.9	3.5	0	6.5	244.6	1.3	0	8.7	264.1	7.3	238.5	5.9	315.7	5.2	302.5	11.3	324.3	10.8	312.7	13.1	327.8	4.7	350.1	10.2	298.1	17.1	297.9	14.2	304.7
20130312	120000	-999.00 	-999.00 	-999.00 	-999.00 	-999.00 	-999.00 	29.30 	295.50 	19.00 	244.80 	25.5	141.2	31.8	152.2	28.8	146.3	25.2	116.4	15.3	151.4	12.2	169.2	8.8	189.8	13.2	226.5	13.2	225.9	9.4	252.7	8.5	189.5	10.4	239.2	15.4	246.6	12.7	226.3	12.6	260.4	11.5	255.4	11.5	280	10.6	261.9	17.4	272.6	21.7	279.6
20130312	130000	-999.00 	-999.00 	-999.00 	-999.00 	-999.00 	-999.00 	58.90 	213.20 	50.50 	197.80 	26.8	193.6	37.8	177.7	49.8	163.8	43.7	174	47	153.1	53.8	155.1	36.9	142.6	51.1	153.9	43.3	147.2	54.4	150.1	51.6	161	45.5	168.6	40.5	178.3	34.3	180	23.9	197.8	20	188.6	8.5	227.9	7.4	247.9	13.5	255.4	11	250.9
20130312	140000	-999.00 	-999.00 	-999.00 	-999.00 	-999.00 	-999.00 	-999.00 	-999.00 	71.60 	171.80 	66.8	159.5	73.5	153.9	88.2	155	89.1	153.9	93.6	153.2	83.4	145.7	86.9	148	81.9	142.3	92	141.6	86.4	135.5	71.2	135.2	65.4	138.1	57.9	138.3	52.3	139.6	49.7	148.6	41.8	149.5	25.8	159.6	24.2	152.2	23.3	156.2	20.1	172
20130312	150000	-999.00 	-999.00 	-999.00 	-999.00 	-999.00 	-999.00 	-999.00 	-999.00 	95.90 	153.80 	91.5	153.4	86.2	149.1	103.5	152.3	103.2	149.1	100.5	144.8	104.9	144.2	93.1	145.5	94.4	139.3	82.1	142.8	69.4	135.8	65.9	139.9	59.7	142.8	53.9	141.9	36.1	147.7	32.1	133.2	28.7	151.7	27	145.4	22.6	130.2	18.1	154.4	14	160
20130312	160000	-999.00 	-999.00 	-999.00 	-999.00 	-999.00 	-999.00 	-999.00 	-999.00 	-999.00 	-999.00 	67.7	157.8	73.8	154.7	75.9	152.5	87.2	149.6	78.1	147	77.7	147.1	78.4	142.8	74.3	142.7	64.8	144.4	72.8	143.2	64.1	134.4	58.5	132.3	54.4	137.5	53.1	136.1	43.8	133.8	38	144.3	22	158.1	22.8	181	15	190	13.5	214.8
20130312	170000	-999.00 	-999.00 	-999.00 	-999.00 	-999.00 	-999.00 	-999.00 	-999.00 	-999.00 	-999.00 	41.3	156.5	33.9	142.2	35.8	148.1	37	152	36.7	139.6	34.7	140	29.5	139.7	33.4	134.4	19.9	130.5	17.7	106.7	18.8	94.6	11	113.1	11.8	98.8	11.3	102.3	5.1	167.6	2.9	90	12.7	102.3	11.5	114.1	9.9	354.8	9.6	312.5
20130312	180000	-999.00 	-999.00 	-999.00 	-999.00 	-999.00 	-999.00 	-999.00 	-999.00 	24.90 	30.70 	24.6	23.4	29.7	13.1	41.1	41.5	47.2	42.5	45.9	38.7	43.1	30.6	53.6	42.7	46.5	45.4	57.3	39.3	51.9	43.4	51.3	43.7	47.5	47	40.3	43.2	32.5	42.4	31.2	40.8	24.7	40.4	23.5	0.7	11.3	333.7	18.9	292.1	22.6	264.7
20130312	190000	-999.00 	-999.00 	-999.00 	-999.00 	-999.00 	-999.00 	-999.00 	-999.00 	44.20 	338.90 	25.3	328.9	19.9	294	12.8	259.7	11.3	276.6	10.3	258.3	16.9	259.8	18.3	264	16.5	251.2	12.1	285.9	11.8	302.2	17.8	319.3	36.3	359.1	44.3	0	58.4	7	67.6	5.8	72.4	9.1	78.3	6	84.2	7.8	75.5	6.8	70.4	357.4
20130312	200000	-999.00 	-999.00 	-999.00 	-999.00 	-999.00 	-999.00 	118.30 	355.30 	95.00 	0.00 	54.9	346.7	70.2	349.8	70.5	1	77	353.5	73.3	0.5	64.3	6.7	60.5	10.2	55.5	15.4	56.9	12.2	41.9	8.2	33.9	4.4	34.4	352.8	21.9	340.2	29.8	351.7	24.6	318.5	17.2	317.6	12.4	292.8	14.3	278.5	11.2	267.9	11.5	309.4
20130312	210000	-999.00 	-999.00 	-999.00 	-999.00 	-999.00 	-999.00 	86.30 	321.10 	63.60 	316.30 	20.3	353.2	52.4	354.8	59.4	8.8	67.7	12.5	80.3	14.9	78.3	15.1	72.8	18.1	71.1	19.4	70.8	20.7	60.9	18.7	58.2	16.2	49.6	12	42.9	6	36	11.5	35.6	3.7	26	9.3	22.1	9.4	16.5	5.6	15.3	323	32.4	302.9
20130312	220000	-999.00 	-999.00 	-999.00 	-999.00 	-999.00 	-999.00 	27.50 	326.00 	18.90 	314.80 	13	310.6	26.7	324.3	31.7	334.2	39.3	346.6	58.2	7	65.7	10.5	65.1	15.5	68.7	19.4	70.2	22.1	62	23.7	64.3	30.9	65.4	23.5	56.1	19.1	61.4	11.6	60.5	16.7	51.7	1.1	44.2	353.4	37.8	358.3	30.2	2.6	33.3	0.5
20130312	230000	-999.00 	-999.00 	-999.00 	-999.00 	-999.00 	-999.00 	18.00 	44.50 	11.00 	9.40 	7	352.6	6.7	27.7	8.8	320.5	6	323.1	6.2	0	8.9	281.7	6	184.8	14.8	201.4	22.4	194	29	188.1	21.1	180	19.5	184.7	17.2	188.4	21.6	204.1	14.2	197.7	16.7	185.5	19	186.6	16.4	213.8	19.7	237.8	19.2	231.8
20130313	00000	-999.00 	-999.00 	-999.00 	-999.00 	-999.00 	-999.00 	27.40 	32.20 	14.20 	73.60 	27.9	147.4	28.4	152.3	19.8	160.2	17.5	180.7	13.4	177.4	8.8	172.8	6.6	255.1	8.4	222.6	11.3	248.7	8.6	226.9	15.6	261.1	5.5	258.5	12.1	283.9	14.1	262.7	17.5	282.5	15.1	241.9	12.3	257.3	10.3	275	16.7	285.9	16.1	277.9
20130313	10000	-999.00 	-999.00 	-999.00 	-999.00 	-999.00 	-999.00 	22.40 	242.10 	22.60 	191.50 	20.7	166.3	47.5	143.1	53.8	145.8	54.7	147.8	50.2	139	44.4	148.1	50.7	158.6	52.2	162.3	47.7	164.8	52.6	169	48.4	159.2	42	167.5	38.5	157.6	34	170.2	31	162	23.8	185.8	24.8	208.4	18.1	221.9	11.3	216.4	18.7	241.9
20130313	20000	-999.00 	-999.00 	-999.00 	-999.00 	-999.00 	-999.00 	-999.00 	-999.00 	67.00 	143.40 	55.2	157.6	76	162.4	96.8	156.2	90.9	156.1	92	152.8	85.5	152.2	83.8	149.9	80.8	144.9	85.2	144.4	84.3	144.3	80	148.8	79.7	151.6	74.5	149.1	63.7	152	67.5	155.2	61.3	162.8	46.2	166.2	37.3	166.7	31.2	177.4	32	191.2
20130313	30000	-999.00 	-999.00 	-999.00 	-999.00 	-999.00 	-999.00 	-999.00 	-999.00 	71.50 	170.30 	79.6	160.2	87.5	152.1	101.8	147.5	95.4	148.2	94.9	149.8	93.3	146.6	84	144.6	77.5	146.3	75.5	144.3	67.9	143.6	59.2	144.6	53.6	145.4	42	141.9	39	135.6	31.3	140.4	20.2	130	18.9	159.9	22.3	163.3	22.6	145.8	25	167.5
20130313	40000	-999.00 	-999.00 	-999.00 	-999.00 	-999.00 	-999.00 	-999.00 	-999.00 	-999.00 	-999.00 	76.9	158.9	99.7	162.1	112.1	153.2	109.6	152.6	106.7	147.4	110.4	148.1	100	145.3	94	146.4	89.5	142.3	84.5	137.8	84.2	140.8	68.2	140.1	57.1	132.2	51.2	140.7	50.5	137.4	41.1	131.9	37	158.6	35.6	165.8	17.2	165.2	14.8	219.5
20130313	50000	-999.00 	-999.00 	-999.00 	-999.00 	-999.00 	-999.00 	-999.00 	-999.00 	-999.00 	-999.00 	65.9	164.2	65	164.3	81.9	148.2	84	150.6	82.5	152.2	84.5	150.6	74.8	145.3	78	147.8	67.9	139.4	58.9	142.1	58.5	142	46.4	147	34.6	135.5	29.7	141.3	28	142.4	26.7	131.2	18.3	136.8	13.8	140.3	4.2	229.8	2.3	241.2
20130313	60000	-999.00 	-999.00 	-999.00 	-999.00 	-999.00 	-999.00 	-999.00 	-999.00 	-999.00 	-999.00 	30.2	200.1	12.5	183.7	24.6	178.1	23.4	159.8	17.5	147.6	13	95.3	23.6	87.3	27.9	63.8	31.2	69	34.5	61.2	23.6	72.3	19.8	81	24.4	85.3	21.6	75.8	17	102.9	16.7	67.4	5.7	42.1	2.8	212	15.1	265.8	13.9	258
20130313	70000	-999.00 	-999.00 	-999.00 	-999.00 	-999.00 	-999.00 	-999.00 	-999.00 	27.30 	305.90 	21.4	309.7	9.3	295.5	6.7	286.5	8.6	257.3	15.2	306.7	21.6	328.8	21.8	331.8	29.2	348.7	35.5	352.7	35.2	1.5	41.2	1.1	48.5	9.5	58.3	14.2	67.9	10.5	71.5	14.4	66.4	9.4	59.4	10.2	46.1	16	42.8	13.4	35.4	21.9
20130313	80000	-999.00 	-999.00 	-999.00 	-999.00 	-999.00 	-999.00 	-999.00 	-999.00 	23.10 	257.20 	23.9	312.6	29.4	333.1	42.6	349.9	46.6	345.1	46.3	359.9	51.2	356.9	54.7	2.5	63.4	6.1	69.1	6	73.6	7.8	74.4	5.5	78.2	8.8	71.2	9.5	79.9	11.1	71.1	13.2	62	7.4	55.4	359.2	55.5	355.6	50.9	345.6	33.7	337.3
20130313	90000	-999.00 	-999.00 	-999.00 	-999.00 	-999.00 	-999.00 	21.40 	220.80 	29.60 	186.60 	18.2	326.4	36.9	354.9	42.5	357.2	53	10.1	67.3	13.5	81.2	9.9	88.2	15.8	82.3	14.8	75	13.6	64.7	13.9	68.1	7	61	4	53.7	11.5	46	359.5	40.9	357.3	36.7	355.8	27.1	3.6	14.5	359.6	15.1	315.3	19.2	316.5
20130313	100000	-999.00 	-999.00 	-999.00 	-999.00 	-999.00 	-999.00 	17.10 	257.80 	11.30 	282.30 	12.2	297.8	22.7	343.9	26.8	350.3	33.5	2.6	46.5	2.8	56.7	5.2	68	5	65.6	6.8	64.7	14.7	66.1	15.3	66.7	8.9	60.1	5.2	62.7	3.2	52	5.2	47.9	13.3	46.7	359.4	39.8	6.9	41.8	4.1	38.4	359.6	29	2.2
20130313	110000	-999.00 	-999.00 	-999.00 	-999.00 	-999.00 	-999.00 	18.20 	352.40 	10.10 	332.20 	7	293.6	8.8	262.1	6.7	305.3	13.4	292	1.9	34.5	4.6	276.2	4.1	274.2	13.8	188.8	5.3	141.8	12	88.6	10.5	78.5	14	14.4	19.9	351.1	28.6	4.4	31.7	10.2	44	12.5	46.3	13.2	48.4	14.5	46	8.1	39.4	7.1
20130313	120000	-999.00 	-999.00 	-999.00 	-999.00 	-999.00 	-999.00 	45.80 	159.20 	37.10 	144.20 	3.4	12	8.5	29.6	3.1	348.7	4.4	43.1	5.9	0	10.4	86.7	5	1.1	6.7	346.2	5.6	302.6	10.8	300.1	10.6	279.8	15.3	285.1	7.5	302.4	15.4	278.6	16	269.6	20.8	276.3	22.6	289.1	26.7	298.4	17.5	278.6	27	290.6
20130313	130000	-999.00 	-999.00 	-999.00 	-999.00 	-999.00 	-999.00 	-999.00 	-999.00 	49.60 	152.60 	27.8	166.3	36.4	156	46.8	151.8	38.5	156	29.8	158.9	26.7	164.6	15.7	161.8	17.3	171	13	216.3	20.7	215.2	21.1	223.5	19.4	222.9	19.4	214.5	16.3	242.2	21.3	225.2	15	240.3	19.5	227.9	13.6	244.8	18.6	266.3	19.4	294.7
20130313	140000	-999.00 	-999.00 	-999.00 	-999.00 	-999.00 	-999.00 	-999.00 	-999.00 	58.60 	163.20 	53.2	165.4	55.9	162.3	73.3	157	75.7	156.5	74.8	153.1	71.2	153.2	74.3	150.7	71.8	150.3	67.4	157.1	61.9	150.5	71.5	155.3	65.2	151.4	58.5	156.8	48.6	152.5	38.6	171.2	25.2	160.1	29.1	167.9	25.2	170.4	20.7	197.5	20.3	223.2
20130313	150000	-999.00 	-999.00 	-999.00 	-999.00 	-999.00 	-999.00 	-999.00 	-999.00 	58.10 	137.40 	66.7	147.1	74.3	163.3	90.7	154.2	87	146.7	91.6	145.4	91.1	147.7	93.9	141.5	91.5	139.3	78.1	142	74.3	137.3	75.9	140	56.3	140.9	56	139.2	48.2	144.8	39.6	147.8	35.4	163.4	33.1	171.5	25.2	167.8	23.3	200.1	21.6	212.7
20130313	160000	-999.00 	-999.00 	-999.00 	-999.00 	-999.00 	-999.00 	-999.00 	-999.00 	-999.00 	-999.00 	67.6	133.1	68.2	162.8	82	164.9	79	159.1	82.9	153.6	76	149.1	82.6	152.9	75.2	144.8	71.4	138.9	64	139.8	61	137	53.8	137.4	51.9	139.6	48.1	147.7	40.5	138.7	27.2	140.2	27.9	139.1	22.6	166.9	25.1	180	23.1	197.9
20130313	170000	-999.00 	-999.00 	-999.00 	-999.00 	-999.00 	-999.00 	-999.00 	-999.00 	-999.00 	-999.00 	54.3	142.9	67.6	156.6	62.5	151.8	68.5	149	71	149.9	78.1	144.9	73.3	144.1	65.5	143.4	70.4	139.7	73	140.6	60.9	138.3	50.2	143	38.3	147.1	32.2	159.8	23.2	154.4	26	172.1	14.2	173.9	13.7	204.5	20	225.6	34.7	263.4
20130313	180000	-999.00 	-999.00 	-999.00 	-999.00 	-999.00 	-999.00 	-999.00 	-999.00 	-999.00 	-999.00 	3.1	354.5	27.8	171.7	38.3	172.4	31.4	156.1	29.6	150.7	19.2	145.4	15.8	108.4	18.3	69.9	17.3	49.7	14.9	80.7	6.6	71.6	9.3	83.2	8.1	30.4	2.4	350.5	6.8	308.4	19.5	286.7	23.4	285.9	14.6	280.7	14.2	283.8	14.6	273.9
20130313	190000	-999.00 	-999.00 	-999.00 	-999.00 	-999.00 	-999.00 	-999.00 	-999.00 	67.70 	9.20 	54.1	14.7	23.5	14	33	11	41.4	27.6	37.3	7.7	35.5	22	31.4	24.3	37.7	17.8	35.4	13.9	34.8	12.8	41.8	2.7	33.1	0	24.6	348.1	17.8	334	16.4	263.7	18	242.6	23	265.5	24.6	250.8	21.1	276.8	21.1	269.2
20130313	200000	-999.00 	-999.00 	-999.00 	-999.00 	-999.00 	-999.00 	-999.00 	-999.00 	86.90 	355.00 	29.2	339.6	16.8	285.2	11.5	282.6	16.7	256.9	14.5	245.2	9.8	274.7	15.7	259	16.2	244.9	22.8	252.4	24.8	265.8	18.2	309.2	26.8	322.3	31.2	352.6	56.1	6.2	72.7	356.4	91.8	356.3	93.3	0.3	97.9	353.6	75.2	2.4	78.9	6.2
20130313	210000	-999.00 	-999.00 	-999.00 	-999.00 	-999.00 	-999.00 	71.00 	346.80 	52.90 	353.80 	39.2	335.7	59	349.1	73.3	357.6	73.7	2	91.7	1.3	96.3	5	85.5	8.8	79.3	11.2	69	10.5	63.2	10.9	58.6	8.1	45	11.5	49.4	8.7	42.4	6.4	34.4	3.3	26.9	349.7	27.9	351.1	27.5	347	26.4	346	16.7	11.7
20130313	220000	-999.00 	-999.00 	-999.00 	-999.00 	-999.00 	-999.00 	71.80 	353.20 	55.70 	355.90 	32.5	357.7	69.3	2.1	65.6	11	62.1	11.1	66.8	14.7	62.6	15.8	54.8	18.3	55.8	17.1	51.6	19.8	36.1	16.6	29	25.3	36.2	4.6	25.2	25.4	19.1	54.1	14.2	10.5	12.3	325.9	20.5	314.2	15.5	324.2	24.3	326.2	21	304.1
20130313	230000	-999.00 	-999.00 	-999.00 	-999.00 	-999.00 	-999.00 	48.00 	12.80 	51.90 	12.80 	27.6	9.8	45.8	9.1	42.1	16.1	57.8	14.5	45	15.7	40.1	14.1	47.9	16.4	45.3	19.2	45.5	11.4	38.8	16.9	42.6	18.8	33.8	14.4	32.1	16.5	32.6	3.2	19.5	355.3	18	347.2	17.6	324.5	17.6	317.5	14.8	294.3	19.7	283.2
20130314	00000	-999.00 	-999.00 	-999.00 	-999.00 	-999.00 	-999.00 	16.30 	87.90 	15.50 	132.70 	3.8	130.8	12.5	124.6	12.9	66.2	12	100.1	18.9	120.5	17.2	114.3	14	80.5	10.2	41	17.6	41.3	13.6	337	16.6	323.3	13.7	311.7	17.6	329.9	9.1	318.1	12.6	334.6	11.8	322.3	17.2	276.7	16.8	301.9	17.7	299	18.7	291.4
20130314	10000	-999.00 	-999.00 	-999.00 	-999.00 	-999.00 	-999.00 	58.00 	163.20 	44.40 	157.40 	31.8	162.3	42.8	157.4	38.6	153.4	32.5	154.3	18.6	156.2	20.3	204.8	17.8	209.6	20.6	203.7	10.1	184	15.5	243.6	15.3	235.4	18	238.9	19.4	232.5	22.2	239.2	21.1	251.2	23.8	253.2	20.8	252.7	20.1	279.5	30.5	288.1	30.6	276
20130314	20000	-999.00 	-999.00 	-999.00 	-999.00 	-999.00 	-999.00 	-999.00 	-999.00 	61.20 	160.40 	34.2	167.8	46.5	160.9	60.4	160.9	66.1	150.8	62.3	159.8	61.5	152.2	57.3	161.3	46.8	164.8	44.8	163.9	42.4	160.9	36.7	160.2	30.3	159.9	28.3	163.6	26	167.1	22.3	159.3	25.6	199.8	29.4	198.6	25.9	226.9	32.6	230.1	29.6	248.4
20130314	30000	-999.00 	-999.00 	-999.00 	-999.00 	-999.00 	-999.00 	-999.00 	-999.00 	68.80 	149.40 	57.6	149.1	58.8	153.2	85.3	160.8	84.4	158	74.8	156.5	82.8	146.7	71.2	143.2	75	144.8	76.8	152.4	78.7	140.6	78.8	145.3	76.9	145.6	64.2	146.1	64.1	145.7	50.8	153.7	49.6	146.1	41.5	142.7	39.8	164.3	40.4	166.7	33.8	164.2
20130314	40000	-999.00 	-999.00 	-999.00 	-999.00 	-999.00 	-999.00 	-999.00 	-999.00 	73.10 	146.40 	81.8	145.1	87.8	149.8	86.2	148.1	91.3	143	92.1	138.5	82.4	141.6	87.6	139.4	84.3	136	83.9	138.2	79.4	134.6	73.3	136.1	70.6	141.8	68.3	145.7	60	141.2	46.5	148.1	44.1	156.1	32.3	153.4	28.7	188.8	34.2	182.5	25.6	205.5
20130314	50000	-999.00 	-999.00 	-999.00 	-999.00 	-999.00 	-999.00 	-999.00 	-999.00 	-999.00 	-999.00 	99.8	150.6	85	168.7	95.5	162.8	91.9	154.6	83.2	151.3	93	147.9	89.8	144.4	89.5	140.7	82.2	146.7	70.1	144.6	75.4	142.4	65.8	137.7	66.5	143.8	51.6	133.7	44.1	143	28.3	143.6	26.4	147.2	16.7	164.1	7.5	220.1	11.4	278.6
20130314	60000	-999.00 	-999.00 	-999.00 	-999.00 	-999.00 	-999.00 	-999.00 	-999.00 	-999.00 	-999.00 	73.5	156.5	39.6	154.4	60.2	154.8	62.4	149.4	58.2	149.8	52.2	149.8	41.9	140	29.4	129.1	22.9	130.9	14.9	50.4	17.9	49.1	15.8	59.5	10.3	98.4	11.8	98.8	6.7	102	3.9	171.3	12.1	289.8	15.5	305	6.2	309.8	5.1	9.1
20130314	70000	-999.00 	-999.00 	-999.00 	-999.00 	-999.00 	-999.00 	-999.00 	-999.00 	78.90 	177.50 	42.2	170.1	10.7	10.8	36.8	25.8	39.2	22.5	40.9	37.4	34.5	37.7	42.4	21	33.9	32.5	31.5	11.4	24.8	15.9	14.5	354.4	17.7	315	16.2	293.7	18.9	272.7	11.6	260.5	22.2	280.1	21.2	284.2	19.8	285.9	22.4	276.1	19.9	284.9
20130314	80000	-999.00 	-999.00 	-999.00 	-999.00 	-999.00 	-999.00 	-999.00 	-999.00 	47.80 	263.50 	38.2	279.6	11.6	306.6	19.1	302.4	21.7	297.8	25.6	270	30.7	278.8	28.6	285.2	30.9	286.4	25.8	302.6	27.2	305.6	29.1	344.7	37.4	352.5	45.7	9.6	62.5	8.8	70.7	6.5	90.9	0.3	102.2	356.8	102.7	6.9	91.6	12.8	72.5	14.1
20130314	90000	-999.00 	-999.00 	-999.00 	-999.00 	-999.00 	-999.00 	103.80 	297.10 	73.00 	300.80 	56.9	337.4	60.6	348.8	61.9	355.5	63.2	2.9	71.4	8.3	71.1	8.3	75.6	11	66.2	4.3	67	6.7	60.4	3.9	59.3	5.4	49.1	6	50.3	358.8	44.7	7.1	29.1	357.3	25.3	337.7	14.2	329.4	10.7	303.5	23.2	281.9	17.9	288.2
20130314	100000	-999.00 	-999.00 	-999.00 	-999.00 	-999.00 	-999.00 	101.70 	292.60 	74.80 	291.70 	34.9	309.7	36.6	308.9	34.5	320.8	36.3	315.7	39.2	319.9	40.3	319.6	43.2	322.7	41.2	334.9	46.8	348.4	51.4	356.8	61.5	358.9	73.4	10.3	82.5	10.8	72.5	9.1	76.5	7.9	75.5	7.2	65.6	15.7	60.6	12.7	62.7	9.9	54.5	2.8
20130314	110000	-999.00 	-999.00 	-999.00 	-999.00 	-999.00 	-999.00 	84.30 	286.10 	61.10 	293.20 	28.4	324.2	36.2	347.7	41.6	332.6	42.8	349.8	50.8	352.1	51.5	3.2	54.9	4.4	59.5	6.4	54.8	14.6	46.4	5.8	48.7	3.4	46.6	6.8	40.2	16.6	43.8	16.2	36.5	9.6	40.2	6.7	35.4	6.8	28.2	0	25.7	345.8	24.4	347.9
20130314	120000	-999.00 	-999.00 	-999.00 	-999.00 	-999.00 	-999.00 	75.40 	302.10 	58.40 	296.90 	14.3	298.4	15.8	282	8.8	275.8	15.3	238.1	9.2	245.7	1.6	235.3	7.1	241.3	2.3	270	6.6	82.1	25.2	4.1	45.2	8.4	41.9	19.5	41	11.8	41.2	17.3	41.1	16	38.1	21.9	36.3	19.3	29.5	5.4	28.9	10.2	25.3	358
20130314	130000	-999.00 	-999.00 	-999.00 	-999.00 	-999.00 	-999.00 	56.50 	267.20 	42.50 	275.80 	13.4	298.5	19.6	10.3	7.8	41.9	5.7	54.9	6.1	89.1	8.3	90	8.4	63.7	5.9	354.2	5.9	93.9	2.3	282.8	8.6	308.9	7.7	317.6	12.4	246.3	7.6	274.5	13.8	277.9	8.2	270.7	11.9	264.2	13.7	246.4	12.7	278.6	9.8	257
20130314	140000	-999.00 	-999.00 	-999.00 	-999.00 	-999.00 	-999.00 	83.50 	207.80 	49.10 	196.00 	28.8	190.4	46.3	159	45.4	153.9	52	147.4	44.6	157.3	51.8	149.8	35.7	164.1	33.5	164.6	23.4	181	23.3	196.7	15.4	208.2	23.1	192.5	17.1	196	16.8	200.9	12	213.4	16.8	248.3	13.1	247.9	16.2	254.6	21.4	264.9	19	264.6
20130314	150000	-999.00 	-999.00 	-999.00 	-999.00 	-999.00 	-999.00 	-999.00 	-999.00 	75.30 	187.90 	78.3	167.3	81.3	160.2	77.3	159.7	77.4	151.5	81.5	149.1	76.3	149.8	75	151.5	74.4	152.9	72.9	148.5	78.2	151.2	64.5	148	60.3	145.5	48.7	156.7	46.2	162.1	36	166.2	25.3	182.7	19.8	193.1	23.6	221.1	24.8	215.8	30.4	235.6
20130314	160000	-999.00 	-999.00 	-999.00 	-999.00 	-999.00 	-999.00 	-999.00 	-999.00 	83.10 	184.80 	86.1	170.7	89	160.4	90.6	158.6	82.9	152.4	88.1	150.5	91.4	150.1	93.2	148.8	94.2	147.9	79	146.6	82.4	140.7	78.2	141.1	73.2	140	59.7	140	50.2	135.7	53.7	140.9	36.9	139.8	31.4	162.9	23.8	163.6	18	163.6	17.1	185
20130314	170000	-999.00 	-999.00 	-999.00 	-999.00 	-999.00 	-999.00 	-999.00 	-999.00 	95.30 	196.20 	99	183.6	101.6	169.7	94	168.9	91.2	160.2	90.5	160.3	82.7	151.1	89.6	147.9	88.4	147.5	79.4	148.8	78.2	141.2	70.5	144.9	55.2	143.9	52.6	142.4	36.1	141.6	24.7	138.6	18.9	130.1	15.4	116.2	1	90	8.8	225.5	8.7	250.5
20130314	180000	-999.00 	-999.00 	-999.00 	-999.00 	-999.00 	-999.00 	-999.00 	-999.00 	93.20 	218.40 	83.5	203.7	66.4	178.2	68.5	170.5	70.6	167	66.8	160.7	53.1	150.8	56.5	148.6	51.1	148.5	39.7	149.2	26.4	147.5	9.6	149.1	6.1	58.4	6.7	95.1	8.8	342.8	17.6	314.8	27	313.8	24.4	293.9	27.2	281.2	25.6	270	27.4	270.8
20130314	190000	-999.00 	-999.00 	-999.00 	-999.00 	-999.00 	-999.00 	-999.00 	-999.00 	78.30 	243.90 	59.3	242.6	19.4	185	22.3	184.1	19.6	196	10.9	173.7	11.8	40.5	31.4	58.3	27.8	48.6	13.2	46.2	4.1	242.2	10	281	3.9	271.5	12.4	283.5	9.3	284.9	12.5	276	10.6	311.9	6.1	333.9	9.4	318.5	8.3	317.4	11.5	15.1
20130314	200000	-999.00 	-999.00 	-999.00 	-999.00 	-999.00 	-999.00 	-999.00 	-999.00 	67.00 	285.30 	46	285.5	15.2	2.3	26	13.8	21.2	4.6	27	26.4	36.4	11.3	41.9	10.2	46	0	44.3	0	52.4	355.4	50.3	358.3	37.9	355	27.9	347	25	341.6	10.9	336.3	7.2	0	6.2	328.9	7.7	212.9	5.7	185	11.2	202.7
20130314	210000	-999.00 	-999.00 	-999.00 	-999.00 	-999.00 	-999.00 	-999.00 	-999.00 	33.50 	308.80 	20.8	325.2	9.8	296.6	12	284	13.5	290.3	16.3	298.9	9.5	293.6	11.8	281.7	11.5	247.5	14.1	270.4	10.6	283.1	17.8	271.6	18.3	301.6	18.3	334.1	17.5	1.6	33.4	0.2	58.6	6.6	84.1	8.1	97.2	8.8	92.3	5.3	83.4	4.4
20130314	220000	-999.00 	-999.00 	-999.00 	-999.00 	-999.00 	-999.00 	54.30 	275.40 	45.00 	276.30 	18.1	333.4	11.4	293.2	15.1	285.8	13.1	253.1	16.9	251.8	15.1	262.8	14.7	259	12.2	260.1	13.1	300.3	26.7	351	34.7	357.9	52.5	5	59.3	4.3	78.9	4.4	88.7	4.3	94.3	10.6	80.8	5.8	76.9	7.1	70.3	10.8	60.2	8.3
20130314	230000	-999.00 	-999.00 	-999.00 	-999.00 	-999.00 	-999.00 	89.20 	291.60 	67.20 	287.60 	30.4	293.9	28.9	289.8	32.9	285.4	30.5	275.1	26.6	275.6	29.8	262.3	25.4	258.9	29.1	261.7	22.3	273.1	17.9	277.4	17.7	313.2	31	343.3	50.6	359.6	75.5	15.2	86.8	13.5	81.5	8	67.5	11.4	64.7	6.6	56.8	1.3	50.9	0
20130315	00000	-999.00 	-999.00 	-999.00 	-999.00 	-999.00 	-999.00 	68.80 	287.90 	58.30 	310.00 	47.7	356.3	51.1	11.4	56.9	17.2	52.2	14.5	39.2	22.2	42.8	21.4	30.2	19.2	41.6	30.4	41.2	33.8	35.7	26.3	34.9	33.8	34	35.6	23.2	13	24.9	3.5	27.9	2.3	29.3	0	26	336.4	14.5	325.6	19.3	309.5	22.9	320.7
20130315	10000	-999.00 	-999.00 	-999.00 	-999.00 	-999.00 	-999.00 	48.70 	276.40 	44.10 	273.60 	8.8	357.4	15.3	40.2	16.7	15.6	5.3	10.9	3.2	356.4	9.8	16.6	7.1	46.1	10.2	36.2	13.7	19.2	18	39.8	13.2	353	10.4	353.9	15.3	351	18.4	329	10.8	313.9	8.5	344.3	16.5	282.3	18.4	272.5	22.9	266	24.6	279.1
20130315	20000	-999.00 	-999.00 	-999.00 	-999.00 	-999.00 	-999.00 	58.30 	213.70 	44.00 	217.20 	26.2	178.9	45.7	141.2	39.1	152.1	35.7	156.7	24.7	183.7	13	190.2	13.2	181.3	16.7	221.1	9.9	229.5	19.7	226	17.7	256.3	15.6	266.3	15.2	238.7	20	247.9	18.8	259.9	12.5	254.2	26.5	257.4	22.3	242.7	27.6	244.7	22.4	234.6
20130315	30000	-999.00 	-999.00 	-999.00 	-999.00 	-999.00 	-999.00 	85.30 	213.10 	72.80 	203.00 	48.4	175.9	71	162.6	79.2	159.5	73.9	157.2	72.3	154.5	64.6	160.6	59.1	155.2	63.4	151.4	51.4	156	51.7	161.8	44.4	150	35.8	160.8	26.7	152.9	23.9	149.9	22.2	156.1	22.7	151.1	6.5	135	13.2	232.1	15.6	223.4	19.5	228.3
20130315	40000	-999.00 	-999.00 	-999.00 	-999.00 	-999.00 	-999.00 	-999.00 	-999.00 	84.50 	173.60 	85.5	169.5	87.3	156.4	94	153.9	88.2	152.7	88.3	150.5	87.3	151.4	85.6	155.1	86.3	152.8	84.6	147.4	71.9	147.4	73.9	152.2	66.9	144.7	48.4	149.2	42.4	147.4	33.4	152.1	29.8	152.2	28	174.5	28.3	181.6	17.4	197.1	27.4	206.9
20130315	50000	-999.00 	-999.00 	-999.00 	-999.00 	-999.00 	-999.00 	-999.00 	-999.00 	79.90 	188.20 	86	182.5	81.5	167.7	90.5	162	89.7	155.2	88.5	149.7	82.7	143.1	85.4	138.8	80	139.7	74	135.1	66.3	136.2	66.2	136.1	56.5	138.5	52.3	140.4	42.1	150.4	26.3	153.1	18	144.7	4.4	103.1	8.3	191.8	16.1	272.1	20	281
20130315	60000	-999.00 	-999.00 	-999.00 	-999.00 	-999.00 	-999.00 	-999.00 	-999.00 	89.00 	203.20 	74.3	191.3	63.6	171.6	67.7	167.7	72.9	152	61	148.3	53.1	148	51.8	142.8	46.6	140.2	28.8	143.6	16.1	126.7	10.7	94.3	13.3	49.9	4.3	18.9	4.3	68.2	7.9	103.9	3.1	101.3	4	38.9	7.2	124.8	6.8	58.9	14	13.2
20130315	70000	-999.00 	-999.00 	-999.00 	-999.00 	-999.00 	-999.00 	-999.00 	-999.00 	72.80 	237.20 	51.9	248.5	12	228.4	16.8	179.3	14.5	148.3	12.8	94.9	24.6	62.2	26.3	60.6	31.1	52.1	29.5	64.9	19.4	67.9	9.9	34.3	7.2	68.8	2.5	265.4	22.8	270	15.2	279.8	14.7	283.8	22.3	285.4	17.6	283.2	22	294.1	17.9	279.3
20130315	80000	-999.00 	-999.00 	-999.00 	-999.00 	-999.00 	-999.00 	-999.00 	-999.00 	50.80 	302.10 	26.7	306.5	15.8	15	15.4	4.1	21.2	7.9	23.7	358.1	29.6	1.9	43.1	3.9	55.1	7.3	56.6	1	56.1	0.6	71.3	0.3	51.5	15.1	35	1.1	40.1	359.1	24.7	353	25	331.6	13.5	316.5	14.8	283.3	17.8	259.6	13.9	291.9
20130315	90000	-999.00 	-999.00 	-999.00 	-999.00 	-999.00 	-999.00 	63.90 	271.10 	48.10 	276.80 	15.5	284.2	13.8	295.8	17.5	302.1	16	287.4	11.2	327.7	12	293.1	7.7	283.5	7.1	318.4	10.4	22.6	9.3	24.9	11.3	331.4	21.8	2.9	21.7	1.3	40.8	3	60.2	3.3	68.7	5.5	76.2	359	76.1	358.6	85.4	1.7	89	6.3
20130315	100000	-999.00 	-999.00 	-999.00 	-999.00 	-999.00 	-999.00 	29.80 	326.60 	34.40 	328.80 	9.5	310.7	14.4	273.2	20.2	282.3	18.9	279.5	17.7	260.9	13.5	271.3	20	262.2	13.1	322.8	15.9	330.7	23.3	344.6	16.5	354.1	29.6	0.4	51.4	1.5	80.5	2.6	81	359.9	80.9	4.2	78.3	3.1	78.2	355.8	68.4	0.8	60.4	355.1
20130315	110000	-999.00 	-999.00 	-999.00 	-999.00 	-999.00 	-999.00 	32.50 	259.70 	26.10 	303.00 	14.9	327.9	17.9	294.1	11.2	328.2	9	229.1	7.7	208.6	18.4	243.2	15.8	238.4	18.4	257.8	14.1	265.5	13.1	275.7	14.1	311.3	13.9	343.7	19.5	333.2	28.2	358.2	35.4	359	40.1	358.9	53.1	9.9	58.3	8.6	62.7	0.3	71	358.3
20130315	120000	-999.00 	-999.00 	-999.00 	-999.00 	-999.00 	-999.00 	4.90 	109.20 	14.10 	321.90 	8.3	316	14.7	311.1	12.3	310.7	11.7	300.7	10.7	349.2	3.7	218.4	7.3	218.9	5.6	159	3.1	194.9	10.1	86.6	11.8	63.9	7.9	21.4	24.2	1.2	34.3	20.5	54.6	11.1	49.8	20.4	46.7	15	42.3	11.9	37.2	0	35.2	351.8
20130315	130000	-999.00 	-999.00 	-999.00 	-999.00 	-999.00 	-999.00 	53.00 	58.40 	21.00 	63.40 	16.6	111.9	11.3	102.8	6.2	143.5	5.8	18.1	2.4	337.8	9.5	283.4	4	284.4	2.8	202.9	4.7	226.7	3.7	262.3	6.1	215	2.1	256	9.7	286.8	5.4	199.4	3.4	145.8	4.7	131.5	2.1	349.2	2.3	12.8	9.1	78.6	6.6	31.3
20130315	140000	-999.00 	-999.00 	-999.00 	-999.00 	-999.00 	-999.00 	34.30 	110.80 	37.00 	126.50 	17.5	156.4	31.1	160.5	32.6	155.6	28.4	151.6	22.9	159	10.9	186.9	11.5	223.6	11.6	190.9	6.5	243.4	6.4	257.3	7.3	196.7	16.6	203.5	11.5	222.5	9	210.8	6.5	180	16.9	184.4	13.8	179.6	10.5	207.8	14.6	197.1	10.8	187.4
20130315	150000	-999.00 	-999.00 	-999.00 	-999.00 	-999.00 	-999.00 	27.10 	166.80 	37.10 	154.10 	41.9	145.9	68.8	137.1	65.5	139.6	69.6	140.7	64.4	135.8	67.8	144.7	74.2	148.4	68.8	148.8	68.2	145.2	60.7	155.3	60.4	151	58.7	156.2	57.4	160.5	49.6	161.9	46.8	166.5	40.2	168.5	35.9	172	27.7	190.6	19.7	217.8	10.3	215.5
20130315	160000	-999.00 	-999.00 	-999.00 	-999.00 	-999.00 	-999.00 	-999.00 	-999.00 	65.00 	151.50 	51.9	158.5	83.2	140.4	95.5	140.1	93.1	139.6	89.1	135.7	86.8	136.5	86.6	136.6	85.7	132.9	78.2	133.6	73	134.7	56	132.5	52.3	134.3	46.8	135.9	45.2	149.3	44.3	143.3	34.8	141.2	24	159.5	27.1	170	27.1	197.8	28.7	205.8
20130315	170000	-999.00 	-999.00 	-999.00 	-999.00 	-999.00 	-999.00 	-999.00 	-999.00 	66.40 	152.30 	85.1	155.9	90.6	153	104.2	153	97.4	154.2	97.9	152.8	99.3	144.6	100.6	145.3	97	143	86.1	137.3	87.3	140.1	73.8	138.6	70.2	145.3	67.3	133.1	51	140.3	49.5	126.9	42.1	133.4	39.4	145.2	27.7	160.2	18.7	182.8	12	201.4
20130315	180000	-999.00 	-999.00 	-999.00 	-999.00 	-999.00 	-999.00 	-999.00 	-999.00 	59.40 	138.30 	60.7	151.6	77.4	157.5	91	151.9	95.8	148.3	90.8	147.3	84.8	144.9	96.4	140.3	87.3	139.3	79.2	137.2	69.5	132.8	60.9	134.9	47.1	137.1	34.1	133.8	25.3	143.4	13.2	177.8	16.6	214.9	16.9	196.2	27.7	235.2	34.2	265.3	38.5	273
20130315	190000	-999.00 	-999.00 	-999.00 	-999.00 	-999.00 	-999.00 	-999.00 	-999.00 	41.60 	195.20 	32.7	177.6	37	156.9	57.4	142.9	57	140.5	57.6	138.3	55.9	131	48.7	134.4	34.8	134.8	20.4	125.4	17.7	109.2	10.5	46.1	10.5	43.5	10.3	83.3	15.1	71.4	9.1	358.7	18	317.5	15.3	301.9	17.2	299.7	24.6	291.5	31.9	277.8
20130315	200000	-999.00 	-999.00 	-999.00 	-999.00 	-999.00 	-999.00 	-999.00 	-999.00 	20.30 	338.00 	8.7	303.7	4.1	223	16.6	58.8	25.8	44.5	38.2	33.4	42.1	11.9	29.3	28.6	36.1	34.3	28	25.8	32.9	44.6	13.2	41.3	11.6	318.9	23.6	263.2	11.1	311.7	11.7	306.3	3.3	0	4.3	312.2	10	351.4	6.6	349.5	1.8	196.4
20130315	210000	-999.00 	-999.00 	-999.00 	-999.00 	-999.00 	-999.00 	-999.00 	-999.00 	91.30 	4.30 	38.5	353.6	30.6	30.2	45.7	14.1	53.4	12	54.4	12.6	47.7	27.6	48.1	27.2	44.3	35.5	43.7	21.1	46.9	7.8	42.9	2.7	29.2	349.5	26.3	338.1	24	313.6	25.8	296.3	27.7	277.1	24.8	280.7	25.6	273.8	29.6	274.3	28.8	268.8
20130315	220000	-999.00 	-999.00 	-999.00 	-999.00 	-999.00 	-999.00 	-999.00 	-999.00 	43.30 	337.20 	16.4	356.5	7.4	285.7	20.8	308.8	16.3	297.8	19.1	284.6	17.1	298.7	19.2	320.3	23.5	311.2	28.7	311.8	25.3	310.5	23.6	312.4	31.7	320.4	26.3	331.4	31.3	340	38.5	2.7	51.8	10.2	68.9	11.1	82.9	11.6	89.7	6.8	78.1	5.1
20130315	230000	-999.00 	-999.00 	-999.00 	-999.00 	-999.00 	-999.00 	26.40 	353.70 	18.40 	318.80 	12.2	332.6	14.9	272.3	10.5	254	15.6	258.6	18.8	255.8	11.7	269.5	6.8	218.4	12.3	250.1	3.5	250	8.5	292.9	9.7	7.7	11.7	341.1	18.4	18.3	27.1	17	39	10.2	57.6	4.6	71.4	10.7	80.5	17.1	78.4	12.4	85.8	8.3
20130316	00000	-999.00 	-999.00 	-999.00 	-999.00 	-999.00 	-999.00 	40.40 	276.80 	33.60 	311.80 	14.2	336.3	17	327.2	16.1	326.1	13.2	335.4	18	338.6	23.1	334.1	16	351.7	18.8	337.1	22.8	325.2	21.4	334.3	19.8	337.4	18.6	339.2	21.4	337.8	29.3	345	35.3	348.7	34.8	354.7	53.5	347.7	53.1	355	58.9	348.8	60.9	344.8
20130316	10000	-999.00 	-999.00 	-999.00 	-999.00 	-999.00 	-999.00 	22.50 	211.00 	1.90 	148.00 	11.2	353.3	5.5	243.9	0.6	270	4.8	283.2	7.4	301.1	5.2	0	2.4	216.4	2.4	194.6	3.3	95.2	17.1	87.7	6.9	81.6	9.4	132	12.1	101.4	10.5	59	15.2	48.2	27.8	28.8	23.6	21.1	31.9	2.7	34.9	3.8	26.6	3.7
20130316	20000	-999.00 	-999.00 	-999.00 	-999.00 	-999.00 	-999.00 	47.20 	206.70 	38.00 	221.40 	10.1	205.8	11.3	134.3	10.7	112.5	6	144.5	3.7	207.3	6.8	247.6	9.2	289	12.9	248.2	8.6	277.4	8.4	270.7	13.8	266.7	10.5	239.8	21.1	281.2	21.6	283.6	23.2	270.7	22.6	257.2	17.5	256.1	21	268.6	26.8	246.7	26.2	261.9
20130316	30000	-999.00 	-999.00 	-999.00 	-999.00 	-999.00 	-999.00 	66.50 	205.20 	51.60 	192.00 	20.2	204.9	28.2	164.4	23	168	28.3	161.4	39.8	153.9	39.5	154.2	42.4	151	43.3	153.6	40.2	157.1	28	158.7	18.5	171.9	21.2	171.9	17	180.7	26.4	187.4	18.7	172.9	21.5	193.2	19.3	217.2	10.9	206.8	6.9	223.2	13.2	206
20130316	40000	-999.00 	-999.00 	-999.00 	-999.00 	-999.00 	-999.00 	-999.00 	-999.00 	60.30 	187.80 	48.5	180.9	58.5	147.3	74.6	142.7	81.5	143.4	65.1	143.1	57.9	142.9	48	144.4	45.8	156	39.2	138.4	28.8	152.7	15.1	135.3	17.5	160.6	10.4	136.2	15.3	187.9	3	170.5	15.9	246.3	17	265.3	18.2	255.3	23.4	265.1	22.2	239.2
20130316	50000	-999.00 	-999.00 	-999.00 	-999.00 	-999.00 	-999.00 	-999.00 	-999.00 	74.80 	196.20 	51.1	204.7	53.4	164.3	77.6	156.8	78.5	148.5	80.5	147.1	74.7	146.1	76.7	146.6	61.5	136.5	46.9	141.7	40.4	141.5	27.4	136.9	20.3	167.8	22.1	166.4	12.8	194	14.3	272.8	28.9	278.8	30.2	286.8	30.3	285.1	14.7	298	8.4	320.8
20130316	60000	-999.00 	-999.00 	-999.00 	-999.00 	-999.00 	-999.00 	-999.00 	-999.00 	89.50 	217.40 	70	215.2	36.3	174	71.4	163.2	67	156.9	72.4	143.3	75.6	142.7	69.1	138.2	55.6	137	43.6	139.7	29.7	153.4	22.4	172.3	18.9	229.3	15.9	274.7	25.6	287.7	33.9	311.5	21	297.5	19	308.4	20.9	297.1	5	310.1	6.5	103.4
20130316	70000	-999.00 	-999.00 	-999.00 	-999.00 	-999.00 	-999.00 	-999.00 	-999.00 	88.50 	225.50 	75.3	216.8	32.5	169.2	48.1	159	45.8	153.2	30.4	146.9	14.8	140.2	4.3	37.4	11.7	4.9	8.3	33.7	10.1	33.7	5.2	318.9	14.7	304.4	12.8	313.4	4.7	342.7	4.4	3.9	9.9	9.3	5.9	306.7	5.1	61	6.6	269.1	4	274.3
20130316	80000	-999.00 	-999.00 	-999.00 	-999.00 	-999.00 	-999.00 	-999.00 	-999.00 	89.20 	237.50 	60.2	253.6	1.8	227.3	13	339.8	22.2	7.8	24.4	37.9	9.1	6.3	14	345.6	18.8	340.7	20.8	339.7	24.5	319	25.2	338.3	20.9	5.8	11	333.4	2.5	323.1	3.8	234.6	5.6	289.7	4.2	249	6.4	277.2	1.7	342.6	1.8	22.4
20130316	90000	-999.00 	-999.00 	-999.00 	-999.00 	-999.00 	-999.00 	77.80 	284.00 	63.00 	282.30 	41.4	290.5	26.8	344.2	35.9	331.2	34.6	328.6	43	345	52.9	346	58.5	350	66.9	4.5	56.3	358.2	40.7	0.3	35.5	2.3	26.1	8.6	23.4	7.6	19.7	342.3	14.7	328.4	12.9	268.2	18.2	290.9	17	262.9	16.6	244.4	19.6	264.4
20130316	100000	-999.00 	-999.00 	-999.00 	-999.00 	-999.00 	-999.00 	77.90 	304.60 	65.40 	313.40 	23.4	330	29.9	301	27.6	312.1	25.1	291.6	20.2	272.6	18.3	252.2	17.1	272.7	18.3	270	22.3	277	18.5	251.8	20.7	274.2	17.6	305.5	29.2	332.5	52	334.5	58.6	1.5	72.7	8.5	90.4	5.2	101	8.4	100.7	6.7	89.2	6.2
20130316	110000	-999.00 	-999.00 	-999.00 	-999.00 	-999.00 	-999.00 	64.80 	323.20 	49.90 	315.20 	19.1	306.7	25.9	292.9	27.8	289.7	30	282.3	29.6	269	33.6	256.2	29.7	248.4	34.6	270.5	34.2	257.5	33.5	281.4	29.8	296.1	35.9	331.1	50	353.7	86.6	4.2	99.6	6	104.4	8.4	90.3	4.6	74.3	1.5	68.7	4.8	62.6	359.2
20130316	120000	-999.00 	-999.00 	-999.00 	-999.00 	-999.00 	-999.00 	97.50 	314.90 	60.20 	305.10 	17.8	289.4	16.2	305	15.8	259.1	14.3	275.6	13	257.1	9.3	310.2	11.3	352.9	15.3	0.8	12.4	359.1	20	12.4	29.5	5.3	37.1	18.2	41.8	7	59	15.5	64.5	14.6	64.8	18.2	62.2	20.4	57.2	16.3	56.4	15.1	52.2	14.8
20130316	130000	-999.00 	-999.00 	-999.00 	-999.00 	-999.00 	-999.00 	65.50 	303.20 	41.20 	287.40 	0.7	33.7	14.5	124.3	9.7	151.6	2.4	99.5	9.2	121.6	10	176.6	7.9	189.5	9.7	190.7	12.7	174.6	15.4	159.1	13.4	147.5	16.3	165.4	22.4	154.6	17.5	160.6	15.3	127.6	9.3	125.4	9.6	121.4	3.8	174	8	308.9	14	323.1
20130316	140000	-999.00 	-999.00 	-999.00 	-999.00 	-999.00 	-999.00 	27.60 	288.40 	15.60 	243.30 	12.6	167.6	36.3	145	23.1	147.9	18	160.9	18.4	182.5	17.2	180.7	13	228.1	10.4	239.2	4.7	233.6	10	226.6	17.6	238.2	18.3	234.3	19.9	268.6	21.5	271.6	25	273.4	23.6	286.2	15.5	269.6	17.7	268.1	20.5	271.4	18.7	280.8
20130316	150000	-999.00 	-999.00 	-999.00 	-999.00 	-999.00 	-999.00 	40.80 	228.80 	26.50 	216.30 	30.9	176.7	43.6	169.8	43.2	145.6	32.7	153.1	40.7	153.4	41.3	156.5	42.9	151.9	45.4	150.9	43.1	151.5	43.3	165.6	40.1	157.4	23.3	160.9	25.6	175.1	21.5	205	16.3	218.8	18.7	225.7	23.5	245.4	24.3	260.5	22.4	284.2	25.7	283.5
20130316	160000	-999.00 	-999.00 	-999.00 	-999.00 	-999.00 	-999.00 	-999.00 	-999.00 	88.60 	180.90 	61.9	165.7	75.8	143.1	78.7	145.8	69	144.1	65	142	60.5	140.8	64.6	144.5	58.2	147.6	50.2	149.2	39.9	150.1	33.4	166.3	27.8	180	28.7	201.5	23.8	215.8	30.3	243.8	23.4	233.5	20.9	258.1	21.6	256.6	15.2	247.5	16.4	242
20130316	170000	-999.00 	-999.00 	-999.00 	-999.00 	-999.00 	-999.00 	-999.00 	-999.00 	89.00 	177.20 	90	168	84.6	159.2	88.7	152.8	93.7	149.9	88.8	151.3	87.4	148.1	80.6	141.1	74.4	142.8	75.4	143.8	68.7	141.1	55.6	147.3	46.6	153.6	41.3	159.5	38.2	166.8	23.2	179	24.7	202.4	26.8	219.7	25.9	244.8	27.2	263.4	25.7	254.9
20130316	180000	-999.00 	-999.00 	-999.00 	-999.00 	-999.00 	-999.00 	-999.00 	-999.00 	83.80 	161.60 	90.8	158.8	84.6	160.7	88.3	157.6	87.5	153.9	93.1	155.5	93.9	151.8	92.8	147.9	97.4	146.7	94	150.9	90.4	144.6	93	145.1	85.1	145.4	76.5	143.7	65.1	141.7	51.1	151.5	36.6	156.9	25.3	164.9	12.7	173.7	9.6	206	22.3	252
20130316	190000	-999.00 	-999.00 	-999.00 	-999.00 	-999.00 	-999.00 	-999.00 	-999.00 	-999.00 	-999.00 	47.8	165.1	69.6	157.1	78.3	154.7	71.7	155.2	67.6	153.1	65.3	144.8	72.9	143.9	76	148.4	76.2	140.1	71.3	144.8	63.8	143.5	61.8	143.4	48	150.7	37	164.5	24.9	179.1	19.4	189.8	19	239.7	34.2	254.7	43.8	265.6	57.1	283.3
20130316	200000	-999.00 	-999.00 	-999.00 	-999.00 	-999.00 	-999.00 	-999.00 	-999.00 	34.90 	228.90 	33.5	211.8	27.4	167.6	37.9	144.1	44	139.2	33.5	136.6	26.7	137	16	93.6	11.4	81.4	12.3	3.3	11.4	289.4	13.7	289.6	17.9	304.8	16.1	307.4	10.3	307.5	16.5	299.1	9.7	264.1	5.7	26.1	13.3	322.6	3.3	338.8	4.4	270
20130316	210000	-999.00 	-999.00 	-999.00 	-999.00 	-999.00 	-999.00 	-999.00 	-999.00 	42.80 	296.70 	29.1	274.3	1.7	20.6	20.5	31.8	34.2	51.5	40.6	52.2	39.2	42.9	37.7	35.5	40.4	24.1	39.7	11.3	28.6	12.1	24.9	351.2	15.9	297.4	17.1	303.3	18.1	273.8	10.5	235.9	10.7	284	4.3	293.6	4	198.9	1.5	156.8	7.9	356.4
20130316	220000	-999.00 	-999.00 	-999.00 	-999.00 	-999.00 	-999.00 	-999.00 	-999.00 	54.50 	315.10 	35.9	309	38.1	10.4	48.5	21.6	55.9	23.9	53	25.8	55.2	26.6	54.6	24.4	49.9	27.4	48.5	32	52.2	21.2	61.1	24.2	70	21.4	75	15.4	70.6	10.2	66.3	6.5	59	7.1	52.3	2	39.4	4.9	39.2	330	37.7	323.5
20130316	230000	-999.00 	-999.00 	-999.00 	-999.00 	-999.00 	-999.00 	-999.00 	-999.00 	18.00 	3.20 	13.2	321.8	9.6	303.5	9.8	355.9	18.5	262.9	14.2	312.7	12.6	285.1	20.7	333.3	25.3	339.6	46.3	1	62.4	14.7	77.1	21	77	20.8	79	18.1	74.8	7.4	83.3	2.3	75.8	7.2	71.5	12.9	61.2	15.9	51.4	12.5	47.4	12.4
20130317	00000	-999.00 	-999.00 	-999.00 	-999.00 	-999.00 	-999.00 	3.70 	344.50 	14.80 	344.70 	7.6	338.5	12	315.7	15.5	314.2	18	306.4	10.1	268.3	9.9	285.9	10.5	247.1	19.4	268.8	12.6	269.1	14.6	240.1	11.9	234.6	10.6	230.8	7	182.4	13	129.7	12.6	32.7	27.6	33.5	47.2	12.5	69.1	8.6	74.5	7	73.8	0.3
20130317	10000	-999.00 	-999.00 	-999.00 	-999.00 	-999.00 	-999.00 	49.30 	260.90 	32.10 	277.50 	15.3	303.3	5.5	46.5	3.1	289	3.5	28.7	6.4	313.1	4.3	357.3	2.8	272.1	7.8	289.4	8	316.5	10.3	297.1	13.2	350	10.2	335.2	16.1	326.1	9.7	317.9	12.5	312.1	14.8	349.1	27.7	350.6	30.2	7.8	41.9	357.1	45.2	1.1
20130317	20000	-999.00 	-999.00 	-999.00 	-999.00 	-999.00 	-999.00 	62.30 	238.50 	47.90 	238.00 	15.7	242	2.9	17.8	6.4	83.8	5.7	70.6	4.3	305.5	6.6	340.5	6.2	281.1	14.9	270.8	17.5	277.2	10	269.4	21.9	298.1	19.6	283.5	20.7	297.3	18.2	304.5	24.3	290.8	28	287.5	16.6	259.2	28.1	277.1	26.7	261.2	22.5	251.1
20130317	30000	-999.00 	-999.00 	-999.00 	-999.00 	-999.00 	-999.00 	-999.00 	-999.00 	63.90 	221.00 	36.5	227.9	19.6	148.3	22	163.1	13.1	169.5	12.9	189.4	10.9	206.1	8.8	203.4	4.1	177.2	10.2	196.5	8.2	213.1	12.2	241.1	7.2	196.9	3.2	251.6	3	250.3	7.8	249	10.4	263.4	14.9	246.2	14.8	249.8	15.2	253.6	12.4	310.1
20130317	40000	-999.00 	-999.00 	-999.00 	-999.00 	-999.00 	-999.00 	-999.00 	-999.00 	53.20 	176.70 	30.2	196	31.6	156.9	42	166.1	41	165.3	28.8	171.2	24.5	174.4	22.1	188.1	21.4	190.5	24.6	202.2	18.7	199	17.7	221.3	9.9	207.6	16.3	189.2	8.7	250.5	5.1	244.4	9.3	281.8	10.1	308.6	13.5	305.3	7.2	312.8	6.2	337.2
20130317	50000	-999.00 	-999.00 	-999.00 	-999.00 	-999.00 	-999.00 	-999.00 	-999.00 	69.10 	176.10 	37	191.1	37.9	168	63.1	166.3	64.5	166.2	51.3	155.5	32.4	144.9	9.7	189.5	5.2	304.9	6.8	291.6	9.9	251.2	9.5	303.9	12.2	303.9	22.3	294	15.8	299.6	13.2	341	10.9	313.5	9	290.3	8.8	302.4	5.5	231.7	3.3	250.5
20130317	60000	-999.00 	-999.00 	-999.00 	-999.00 	-999.00 	-999.00 	-999.00 	-999.00 	61.20 	169.70 	30.7	181.7	23.4	168.9	53.8	158.9	56.1	166.1	49.4	160.1	48.5	154	46.4	159	38.7	180.2	20.6	176.4	9	183.8	4.4	315	4.3	14.7	5.5	0	1.4	8.1	6.3	38.5	9.5	27.6	11.4	43.9	11.1	50.9	12.4	61	15	57.3
20130317	70000	-999.00 	-999.00 	-999.00 	-999.00 	-999.00 	-999.00 	-999.00 	-999.00 	72.60 	139.40 	36.9	146.5	18.8	169	54.9	163.1	40.7	163.1	28	186.6	12.9	184.9	5.4	268.9	12.6	337.5	9.8	356.5	11.4	1.5	11.7	16.4	8.4	10.2	12.4	14.9	9.9	28.4	7.5	0	4	8.5	12.1	345.2	7.8	317.1	10.8	281.2	7	278.3
20130317	80000	-999.00 	-999.00 	-999.00 	-999.00 	-999.00 	-999.00 	-999.00 	-999.00 	47.20 	302.70 	29.4	289.1	9.2	174.4	3.1	129.8	20.1	40.6	21.3	7.3	11.9	334.5	11.5	323.1	22.5	355.7	18.6	17.6	20.2	331.3	17.8	349.3	12.8	13.1	12.9	42.8	11.6	350.5	10.1	25.8	8.5	345.6	11.5	272	10.2	280.2	12.5	265.4	8.5	332.8
20130317	90000	-999.00 	-999.00 	-999.00 	-999.00 	-999.00 	-999.00 	-999.00 	-999.00 	62.80 	324.30 	29.1	322.8	20.7	16.3	29.9	359.2	27.1	348.1	28.2	3.7	40.7	332.9	43.7	349.3	45.6	351	50	3.1	47.2	0.6	39	358.5	30.2	3	27.6	1.3	19.7	340.1	18.4	320.1	13.6	294.9	18.1	273.2	18.1	249.3	15.3	252.5	17.9	242.7
20130317	100000	-999.00 	-999.00 	-999.00 	-999.00 	-999.00 	-999.00 	91.20 	325.90 	78.50 	327.60 	24.9	345.8	17.2	3	13	346.6	10	268.9	14.8	253.9	17.3	261.4	14.2	228.7	13.9	285.4	10.2	264.4	10.9	288.8	13.4	341.7	13.7	342.1	16	20.1	36.5	12.3	53.5	4.7	73.6	0	87.2	358.4	99.4	4.4	105.9	2.8	93.3	1
20130317	110000	-999.00 	-999.00 	-999.00 	-999.00 	-999.00 	-999.00 	81.90 	321.70 	48.50 	321.40 	18.4	336.4	38.5	354	38.7	351.2	43.1	351.2	48.2	348	54.9	342	58.9	344.3	65.3	353.8	78.7	357.4	88.1	0.9	89.2	1.5	85.4	359.7	76.6	3.4	67.3	4.3	53.6	5.2	41.9	348	40.7	1.3	28	4.3	32.4	357	29.1	341.6
20130317	120000	-999.00 	-999.00 	-999.00 	-999.00 	-999.00 	-999.00 	104.00 	334.60 	59.30 	332.60 	17.3	337.6	16.1	327.4	15	304.4	16.1	309.2	10.2	308.7	4.7	348.9	12.1	326.4	12.4	346.5	8.9	329.7	16.9	343.2	22	343.6	36.3	348.7	45.2	350.1	50.6	1.3	60.8	0.1	64.8	4.4	64.4	357.5	67	4.5	57.1	6.6	50.3	355
20130317	130000	-999.00 	-999.00 	-999.00 	-999.00 	-999.00 	-999.00 	86.40 	339.60 	47.10 	324.00 	13.2	354.3	6.7	48	9.3	8.7	10.4	13.9	9.2	281.9	11.3	270	14.9	290.4	10.8	268.9	15.5	267.1	17.3	267.7	17.5	278.9	21.7	256.4	16.5	242.5	15.7	255.6	15.1	265.1	13.7	279.7	12.1	289.3	11.1	278.3	9.9	254.8	7	296.2
20130317	140000	-999.00 	-999.00 	-999.00 	-999.00 	-999.00 	-999.00 	51.60 	348.30 	11.80 	221.60 	32.3	152.1	41.3	137.7	25.2	136.6	11.1	172.8	8.5	185.4	9.2	240.6	9.4	221.1	10.1	209.6	14.7	260.6	9.8	230.8	9.7	239.7	10.9	201.6	16.9	272	11.2	245.7	20.3	262.9	17.2	270	13.4	248.6	21.1	273	20.5	254.7	23.5	262.9
20130317	150000	-999.00 	-999.00 	-999.00 	-999.00 	-999.00 	-999.00 	44.50 	2.60 	26.30 	31.60 	8.5	159.2	33.5	161.2	35.6	160.7	42.9	157.1	31.1	167.2	21.9	158	21.9	182.6	13.1	174.3	10.8	175.2	17	216.1	11.2	201.5	9	245.7	4.7	247.3	8	231.6	9.1	248.8	9.5	296.8	4.5	346	6.4	297	10.8	265.8	13.4	292.9
20130317	160000	-999.00 	-999.00 	-999.00 	-999.00 	-999.00 	-999.00 	30.50 	347.10 	12.30 	46.30 	2	57.1	37.4	151.9	42	152.2	35.2	158.7	33.1	172.5	29	166	22.5	161.6	28	165.5	23	174.8	20.5	170.4	22.7	192.8	11.8	210.5	18.9	195	12	234.2	14.4	255.5	13.1	285	11.6	266.6	17.3	281	14.3	290.1	14.7	293.6
20130317	170000	-999.00 	-999.00 	-999.00 	-999.00 	-999.00 	-999.00 	-999.00 	-999.00 	10.00 	224.20 	31.3	190.9	54.2	146.8	58.1	154.6	67	157.2	63	164.7	54.1	175	44.2	171.2	44.7	169.4	41.4	165.6	33.6	162.2	33.6	181.2	28.7	157.3	29.1	151.7	14.5	158.9	15.6	142.5	17.4	151.1	15	111.1	10.2	73	14.3	42.2	2.3	107.7
20130317	180000	-999.00 	-999.00 	-999.00 	-999.00 	-999.00 	-999.00 	-999.00 	-999.00 	31.80 	206.90 	39	176.3	43.7	146.9	77	154.8	65.6	152.4	63.2	156.6	60.6	162.6	66.5	169.3	63.5	168.3	60.4	161.6	63.2	163.4	57	157.4	40.2	152	37.5	157.9	31.4	162.6	29.7	153.8	18.7	169.5	14.1	167.7	12.7	167.3	2.1	58.6	1.3	206.6
20130317	190000	-999.00 	-999.00 	-999.00 	-999.00 	-999.00 	-999.00 	-999.00 	-999.00 	49.10 	194.60 	55	186.8	56.1	160.5	84.3	163.1	82.2	158.1	80.3	149	83.3	141.4	72.6	135.6	76.2	137.4	64.5	141.9	55.5	143.5	44.2	146.3	35.4	147.3	21.5	132.4	15.9	177.1	16.1	200.3	25.7	209.1	21.4	219.5	30.5	238.8	41	253.9	47.1	277.3
20130317	200000	-999.00 	-999.00 	-999.00 	-999.00 	-999.00 	-999.00 	-999.00 	-999.00 	-999.00 	-999.00 	56.4	150.5	32.4	153	67.5	142.5	64.8	145.9	62.1	141.6	65.7	152.7	57.3	151.1	53.1	157.2	54.5	152.6	47.4	159.1	40.9	150.7	32.5	155.5	25.1	144.9	18.3	161.2	9.7	194.3	4.6	235.6	13.5	257.2	16.9	239.5	25.7	281.4	33.8	279.9
20130317	210000	-999.00 	-999.00 	-999.00 	-999.00 	-999.00 	-999.00 	-999.00 	-999.00 	62.00 	198.80 	48.2	187.9	27.8	154.6	46.1	163.1	41	173	26.2	154.9	17	160.1	6.9	99.2	2	351.5	6.7	358.3	6.8	295.4	21.5	281.5	20.9	282.4	16.5	286.2	10.6	280.4	13.4	288.7	13.1	292.9	11.2	289.2	13.5	266.6	11	271.6	13	262.5
20130317	220000	-999.00 	-999.00 	-999.00 	-999.00 	-999.00 	-999.00 	-999.00 	-999.00 	25.90 	176.20 	14.1	213.5	15.1	255.4	13	3.1	24.1	7.2	26.4	8.3	24.7	359.5	30.6	1.7	22.4	3.9	23.2	8.7	22.2	0	6.2	45	5.4	22.8	8.6	259.2	7.2	353.7	12	306.9	10.7	264.1	15.3	279	9.8	267.7	1.3	0	11.1	270.5
20130317	230000	-999.00 	-999.00 	-999.00 	-999.00 	-999.00 	-999.00 	-999.00 	-999.00 	60.40 	17.70 	31.7	14.6	25.4	359.8	39.8	23.5	45.6	6.2	52.1	355.1	49	1.5	43.7	3.9	39.6	4.6	35	358.2	29.8	359.4	14.9	351.5	17.4	324.9	18.2	276.9	25	261.3	20.1	280.3	20.6	293.4	14.2	307.8	7.4	285.7	11.4	275.6	7.5	337.2
20130318	00000	-999.00 	-999.00 	-999.00 	-999.00 	-999.00 	-999.00 	-999.00 	-999.00 	93.10 	6.00 	40.1	354.4	22.8	356.5	29.9	349.6	42.2	352.8	51.7	353	53	352.9	48.4	9.8	39	356.5	30.1	355.1	28.6	354.6	22	0	30.6	329.3	14.3	319.3	17.8	304.5	17	269	13.1	260.8	9.1	306.5	6	228.4	2.7	312	5	73.7
20130318	10000	-999.00 	-999.00 	-999.00 	-999.00 	-999.00 	-999.00 	-999.00 	-999.00 	62.30 	354.10 	22.9	327.3	23	324.4	21.6	316.7	26.1	325.1	29.1	343	23	323.5	26	353.1	40.8	359.6	42.8	3.6	42	359.1	42.9	358	34.3	357.3	30.9	350.7	26	352.9	20.8	2.8	17.8	344.7	8	292.7	9.1	327.5	17.7	299.5	17.5	268
20130318	20000	-999.00 	-999.00 	-999.00 	-999.00 	-999.00 	-999.00 	-999.00 	-999.00 	79.90 	359.30 	23.9	340	13	43.8	20.8	19	14.7	33.4	21.2	16.1	20	4.3	24.8	351.4	17	337.9	13.9	324.9	12.5	327.1	13.3	318.6	13.3	334.6	5.3	258.1	15.2	276.1	19.2	280.2	15.6	276.6	23.6	253.8	25.3	252.1	33.7	255.4	26.3	258.4
20130318	30000	-999.00 	-999.00 	-999.00 	-999.00 	-999.00 	-999.00 	-999.00 	-999.00 	51.10 	14.50 	10.2	327.9	15.4	123.1	17.7	119	4.2	91.4	5	352	11.4	290.5	10.2	309.4	17	298.4	11.8	289.8	11.2	306.7	8.4	271.4	14.9	289.6	14.6	255.7	16.1	284	18.3	284.9	13.8	281.7	24.8	266.1	26.1	274.6	20.3	274.3	17.2	260.6
20130318	40000	-999.00 	-999.00 	-999.00 	-999.00 	-999.00 	-999.00 	-999.00 	-999.00 	29.40 	19.90 	10.7	184.3	28.3	148	18.1	162	14.5	184.3	5.7	157.5	8.7	152	9.8	205.5	9.5	274.8	8.5	293.6	18.3	270.6	7.6	264	14.6	281.9	12.7	260	12.9	262	13.4	243.8	17	252.9	10.9	278.9	20.3	255.8	14.3	259.1	14.8	252.7
20130318	50000	-999.00 	-999.00 	-999.00 	-999.00 	-999.00 	-999.00 	-999.00 	-999.00 	26.70 	54.00 	18.9	140.2	28.5	146	35.3	151.9	24.6	154.8	10.6	138.5	5.6	216.3	10.6	156.6	12	182.9	14.2	229	13.1	203.4	7.1	199.7	9.3	217.6	3.2	245.8	9.1	285.3	10.8	271.6	5.6	261.7	14.9	298.8	15.1	272.3	12.7	292.1	2.4	284.6
20130318	60000	-999.00 	-999.00 	-999.00 	-999.00 	-999.00 	-999.00 	-999.00 	-999.00 	26.00 	20.70 	9.7	0.6	17.2	161.3	37.6	156	29.9	160.1	26.5	161.1	19.5	196.4	21.3	205.6	14	211.5	7.7	197.5	8.6	194.2	9.9	258.4	7.2	228.4	4.1	275.6	8.2	263	13.3	283.5	11.4	280.6	9.4	297.9	11.5	307.6	12	292.5	7.2	267.6
20130318	70000	-999.00 	-999.00 	-999.00 	-999.00 	-999.00 	-999.00 	-999.00 	-999.00 	23.60 	353.40 	12.5	262.6	19.1	141	41.8	151.1	37.5	157.4	29	161.1	16.8	164.2	9.4	212	5.4	194	1.2	94.8	9.6	18.3	14.4	38.8	16	17.9	10.9	59.2	14.3	43.3	5.7	355	9.9	69.9	5.6	78.7	11.7	92	9.2	98.1	10.4	77.8
20130318	80000	-999.00 	-999.00 	-999.00 	-999.00 	-999.00 	-999.00 	-999.00 	-999.00 	33.40 	351.90 	17.9	317.9	8.5	173.2	27.2	170.1	12.9	179.6	14.9	203.3	10.9	242	10	23.5	11	52	16.3	24.7	24.9	43.7	24.3	60.7	23.7	61.5	17.7	36.7	20.9	56.5	24.4	34.8	26.2	57.8	16.5	82.4	14.3	26.2	7.4	86.9	10.8	344.4
20130318	90000	-999.00 	-999.00 	-999.00 	-999.00 	-999.00 	-999.00 	-999.00 	-999.00 	55.20 	21.80 	29.4	32.1	9.9	323.3	20.7	352.5	22.1	342.9	29	6.3	22.3	356.4	19	2.1	17.8	351.6	20.7	344.9	20.8	347.8	16.3	342.1	9.7	17.3	8.6	35.5	5.3	5.4	9.6	354.6	6.2	354.5	2.1	104	4.8	154	8.9	322.7	6.7	130.8
20130318	100000	-999.00 	-999.00 	-999.00 	-999.00 	-999.00 	-999.00 	48.30 	15.00 	41.40 	25.90 	23.6	3.9	34.6	357.5	38.4	351.6	44	337.6	47.8	340.6	57.6	349.7	52.2	1.6	42.8	357.9	40.3	353.3	35.1	354.9	25	338.9	21.6	316.1	19.4	302.8	16.8	253.1	22.7	251.8	24.3	257.9	29.7	282.1	20.1	300.8	19.2	294	20.9	283.6
20130318	110000	-999.00 	-999.00 	-999.00 	-999.00 	-999.00 	-999.00 	27.00 	22.40 	32.30 	13.10 	19.5	4.4	21.9	324.3	31.8	330	32.4	328	37.7	317.9	45.1	327.9	43.8	334.6	52.1	338.8	54.6	346.8	72.7	354	68.5	1.6	60.1	355.9	45.9	357.1	48.6	354.9	40.1	358.9	26.7	353.1	23.5	7.8	14.1	350.2	12.6	302.1	12.7	292.7
20130318	120000	-999.00 	-999.00 	-999.00 	-999.00 	-999.00 	-999.00 	32.00 	15.20 	23.30 	346.90 	19.5	322.5	14.6	316.9	15	344.6	16.2	321.5	22.3	319.7	20	320.7	19.8	331	21.8	341.8	18.7	327.3	16.9	318.1	29	311.8	26.3	315.9	32.9	336	39	341	45.2	351.2	54.4	2.2	62.9	4.8	69.6	9	74.6	5.8	66	10
20130318	130000	-999.00 	-999.00 	-999.00 	-999.00 	-999.00 	-999.00 	28.10 	355.30 	21.90 	3.10 	15.9	304	21.3	321.1	17.7	304.9	20.6	302.3	15.6	308.8	18	293.3	15.3	320.6	14.1	314.7	12.4	314.7	11.9	340.4	10.5	12.1	16.1	25.4	25.5	25.8	23.4	13.1	30.3	30.4	32.2	32.7	22.7	6.8	21.6	17.8	18.2	19.2	14.8	0.8
20130318	140000	-999.00 	-999.00 	-999.00 	-999.00 	-999.00 	-999.00 	55.20 	357.90 	19.20 	313.50 	6.9	133.8	18.8	126.6	12.2	137	5.4	161.6	2.5	194	19.4	282.2	13.3	278.2	9.1	282.7	9	289.4	11.4	306.1	9.5	323.1	10.8	279.6	16.1	327.4	11.7	331.5	8.3	301.2	14.9	320.4	14.3	307	14	301	10.9	310.5	14.2	312.7
20130318	150000	-999.00 	-999.00 	-999.00 	-999.00 	-999.00 	-999.00 	26.60 	334.90 	9.70 	0.00 	12.5	175.9	33.9	134.9	22.2	157.2	17	161.9	11.9	193.1	16.6	231.6	12.6	241	15.9	228.8	16.1	231.6	14.9	234.8	7.9	248.6	15.3	254.1	13.5	254.9	16.6	260.3	19	237.2	18.9	258.7	14.9	254.5	14.8	266.1	18.8	264.2	13.6	256
20130318	160000	-999.00 	-999.00 	-999.00 	-999.00 	-999.00 	-999.00 	30.70 	341.80 	18.30 	42.30 	8.6	160.3	36.3	143.7	35.4	155.6	22.9	158.7	26.9	165.1	26.1	179.6	14.1	186.9	17.5	165.4	15.3	204.7	12.8	241.4	11.2	203.6	12.1	226.7	13.3	246.5	14	247.3	11.8	250.2	13.1	273.5	18.6	280.2	11.2	287.1	13.7	279.3	16	259.9
20130318	170000	-999.00 	-999.00 	-999.00 	-999.00 	-999.00 	-999.00 	-999.00 	-999.00 	6.50 	63.40 	6.4	244.2	36	175.1	48.8	178.5	38.9	164.6	33.4	150.8	31.5	135.9	23.8	142.5	27.6	126.8	20.2	129.6	19.6	149.4	21.2	154	18.2	167.6	21	188.5	17.3	181	14	200.5	14.2	212.9	14.9	237.9	13.8	273.3	18.1	302.4	18.9	301.6
20130318	180000	-999.00 	-999.00 	-999.00 	-999.00 	-999.00 	-999.00 	-999.00 	-999.00 	11.90 	206.60 	33.7	186.8	50.3	171.6	70.6	168.8	60.6	147.1	67.3	145.5	71.3	152.7	65	150.4	51.2	153.4	32.7	164	16.8	136.9	11.7	162.7	7.1	278.9	14.5	281.9	13.6	310.2	8.2	336.9	12.3	333	5	58.8	5	45.8	10	42.2	12	93.8
20130318	190000	-999.00 	-999.00 	-999.00 	-999.00 	-999.00 	-999.00 	-999.00 	-999.00 	12.70 	136.60 	32	156.6	38	155.6	62.1	163.3	61.7	158.9	76.2	158.3	74.7	159.6	72.4	161.1	69.8	170.8	67.7	177.6	55.2	169.3	52.5	165.5	53.5	158.6	50	161.8	45.5	158.2	44.5	138.8	30.7	154.5	22	129.8	10.1	116.6	11.7	135.7	11.1	93.1
20130318	200000	-999.00 	-999.00 	-999.00 	-999.00 	-999.00 	-999.00 	-999.00 	-999.00 	53.50 	160.60 	51.5	147.7	23.4	160	54.3	158.8	64.6	167.7	66.9	170.4	79.2	177	82.1	184.2	81.8	174.7	70.5	171.8	60.8	177.6	47.7	180.5	36.7	185	23.4	185.4	26	175.4	13.8	169.2	27.3	164	29.1	155.9	36.3	133.6	38.6	141.3	34.8	118.7
20130318	210000	-999.00 	-999.00 	-999.00 	-999.00 	-999.00 	-999.00 	-999.00 	-999.00 	-999.00 	-999.00 	20.3	142.6	35.1	162.1	63.4	169.4	66.5	165.5	62.8	178	50.1	163.2	40.5	160.4	31.4	162.6	27.9	151.8	24.6	153.4	18.3	159.2	16.7	203.7	13.3	219.8	16.9	256.6	30.7	261	41.3	273.6	35.3	278	47.9	269	46.1	278.2	42.7	270.3
20130318	220000	-999.00 	-999.00 	-999.00 	-999.00 	-999.00 	-999.00 	-999.00 	-999.00 	26.50 	303.60 	16.8	265.9	30.8	180	56.9	189.6	36.7	184.8	27.5	195.8	10.6	208	7.8	311.9	9.4	352.6	1.7	45	3.8	25.2	5.5	336.3	11.7	73.6	8.9	19.1	0.9	180	10.1	240.9	7.7	287.3	10.2	239.4	12.5	284.4	14.1	286	13.6	258.1
20130318	230000	-999.00 	-999.00 	-999.00 	-999.00 	-999.00 	-999.00 	-999.00 	-999.00 	54.00 	340.20 	30.5	330.6	12.4	235.5	17	209.3	3.8	60.1	18.3	41.5	29.6	23.9	30.6	28.5	27	3.8	26.9	18.6	19.6	12.4	18.9	27.8	10	11.5	8	358.6	1.9	332.1	4.3	263.4	9.4	280.5	12.3	311.1	6.1	296.1	11	277.8	9.8	284.7
20130319	00000	-999.00 	-999.00 	-999.00 	-999.00 	-999.00 	-999.00 	-999.00 	-999.00 	76.30 	351.00 	41.2	348.2	23.7	28.7	39.4	22.5	29.1	17.6	40.9	2	44	357.7	42.5	10.6	32.9	11.2	30.9	11.4	25.7	10.8	8.9	319.1	18.7	276.4	14.7	298	12.9	296.8	12.1	284.4	8.1	296.3	9.4	292.5	11.1	300.3	13.1	273.9	19.1	267.9
20130319	10000	-999.00 	-999.00 	-999.00 	-999.00 	-999.00 	-999.00 	-999.00 	-999.00 	103.10 	347.20 	52.7	340	37.3	358.6	49.9	1.3	42.5	10.9	39.2	7.3	37	3.1	23.3	339.2	19.2	306.3	29.3	276.7	24.2	280.2	12.7	283.7	9.9	290.6	11.5	296.3	11.6	278.4	9.3	287.5	11.1	224.6	8.5	346.4	3.9	305.7	2	149.5	4	122.9
20130319	20000	-999.00 	-999.00 	-999.00 	-999.00 	-999.00 	-999.00 	-999.00 	-999.00 	104.80 	345.40 	56.3	342.5	23.5	13.8	47.7	8.4	34.7	14.4	36.9	343.8	24.4	346	19.8	315.4	25.2	316.3	28.2	301.8	21.9	279.2	23.3	300.2	19.2	252.7	14.5	273.6	18.6	273.7	13.1	275.3	5.2	242.4	3.9	211.2	5.3	300.4	12.4	286.8	3.7	251.1
20130319	30000	-999.00 	-999.00 	-999.00 	-999.00 	-999.00 	-999.00 	-999.00 	-999.00 	101.00 	351.50 	46.8	342.5	16.2	6.4	17.2	31.9	11.7	46.4	17	37.6	12.9	14.4	10.2	32.6	8	337.9	13.6	13.2	14.7	318	17	340.1	21.5	311	25	294.8	25.4	300.8	22.1	284.7	27.7	275.4	31.7	263.5	30.7	279.9	31.4	285.9	25.6	276.5
20130319	40000	-999.00 	-999.00 	-999.00 	-999.00 	-999.00 	-999.00 	-999.00 	-999.00 	93.50 	355.50 	43.2	332.7	8	45.5	2.8	75.5	7.6	71.6	5.2	121.5	2.4	225	9	241.4	12	280.6	19.2	275.4	15.8	293.5	28	265.7	18.2	274.4	20	281.8	17.9	280	19.1	276.9	28.4	274	22.3	274.1	21.9	286.4	22.1	271.3	18.3	283.9
20130319	50000	-999.00 	-999.00 	-999.00 	-999.00 	-999.00 	-999.00 	-999.00 	-999.00 	70.30 	346.80 	19.5	323.1	19.3	162.8	15.8	158.5	12.2	162.3	13.2	184.8	3.2	221.2	7.5	267.7	4.9	225.8	15.7	273.3	7.2	298.4	9.1	275.6	14	296.4	8.5	261.2	15.1	283.4	16.1	277.5	9.6	276	11.4	283.2	8.7	264.8	22.7	263.4	15.7	269.3
20130319	60000	-999.00 	-999.00 	-999.00 	-999.00 	-999.00 	-999.00 	-999.00 	-999.00 	39.60 	355.80 	3.8	320.4	22.2	177.2	32	155.4	32.2	148.7	15.4	161.1	10.7	157.5	6.9	190	5.6	244.8	8.9	159.5	6.4	295.8	8.2	246.9	8.3	258.8	7.7	276.8	10.1	298.3	3.6	262.1	3.7	308.4	3.6	328.5	2.1	334.6	6.9	322.6	12.4	201.2
20130319	70000	-999.00 	-999.00 	-999.00 	-999.00 	-999.00 	-999.00 	-999.00 	-999.00 	34.40 	328.30 	18.4	286.1	20.7	158.8	33	155.5	30.9	157.6	22.6	157.4	11.9	158.4	5.2	98.9	3.1	326.8	8.4	240.1	3.4	256.4	8.6	345.1	7	270	3.3	327.3	4.6	167.5	9.2	291	6.1	273.8	9.1	265.6	1.4	129.3	10.1	262.6	6	221.6
20130319	80000	-999.00 	-999.00 	-999.00 	-999.00 	-999.00 	-999.00 	-999.00 	-999.00 	62.50 	343.00 	10.1	312.2	19.7	150.2	30.7	160.2	30.4	165.3	21.4	169.5	7.2	172	4.6	185	8.3	52.3	4.8	211.4	3	74.6	5.2	21.6	4.7	25.5	5.9	38.8	2.9	7.8	8.6	352.6	6.8	112.4	9.3	359.4	5	91.2	1.9	302	3.4	323.5
20130319	90000	-999.00 	-999.00 	-999.00 	-999.00 	-999.00 	-999.00 	-999.00 	-999.00 	78.30 	342.10 	32.5	308.4	8.2	86.5	15.9	135.3	6.3	126	2.5	284	5.6	321.5	13.4	0.9	11.7	15.8	6.6	346	7.8	352.6	11	14.8	9.7	311.2	7.4	316.1	11.1	325.3	12.3	287	7.5	304.1	1.6	180	4.8	299.7	3.3	234.9	1.8	112.4
20130319	100000	-999.00 	-999.00 	-999.00 	-999.00 	-999.00 	-999.00 	-999.00 	-999.00 	86.10 	355.00 	48.7	343.9	15.1	9.2	20.2	344.5	29.2	329	34.9	333.1	28.5	353.1	21.1	19.1	16.2	3.5	13.1	18.7	10	21.7	9.7	35.8	13.8	344.9	3	306.9	5.2	350	1	275.7	2.6	321.3	5.8	338.8	6.6	25	2.6	175.6	5.7	305.7
20130319	110000	-999.00 	-999.00 	-999.00 	-999.00 	-999.00 	-999.00 	127.70 	347.40 	80.70 	353.00 	35	339.2	26.2	335.9	29.9	337.4	27.6	327.6	31.2	327.7	39.2	336.3	39.1	335.7	47.2	344.4	44.4	346.8	38.9	335.2	36.7	341.2	32.4	342.2	33.1	340.8	23.1	340	12.2	342.3	19.2	299.4	17	298.1	19.3	327.1	10.7	282.4	12	313.6
20130319	120000	-999.00 	-999.00 	-999.00 	-999.00 	-999.00 	-999.00 	111.80 	341.20 	72.70 	344.20 	31	359.6	20.8	352.8	23.7	327.9	25.1	317.7	29.4	320.5	27.5	332.7	35.4	332.2	30.1	315.8	40.4	325.1	47.1	321.6	33.4	322.3	41	338.3	41.7	340.1	34	352.7	42.8	0.8	41.3	7.1	36.2	3.5	34	5.1	24.3	16	20.9	20.4
20130319	130000	-999.00 	-999.00 	-999.00 	-999.00 	-999.00 	-999.00 	84.40 	348.40 	55.30 	352.50 	15.9	9.8	32.4	356.8	31	336.8	37.3	327.6	37.4	326.2	38	317.4	42.9	316.9	43	322.8	42.1	328.2	39.1	314.7	22.9	317.3	26.6	351.8	33.1	349	34.2	339.7	34.1	356.8	30.3	354.9	31.6	356.4	31.9	2.7	29.9	4.2	32.1	7.5
20130319	140000	-999.00 	-999.00 	-999.00 	-999.00 	-999.00 	-999.00 	83.70 	8.10 	64.00 	8.90 	18.5	19.6	36.4	29.1	27	9.8	29.2	15.5	21.8	28.2	21	36.1	16	50.8	13.1	43.5	17.3	34.4	9.7	3	12.3	326.6	15.3	314.5	16.3	316	8.3	315	15.1	287.4	12.9	291.4	10	291.2	15.7	305.9	15.8	290.7	22.7	318.7
20130319	150000	-999.00 	-999.00 	-999.00 	-999.00 	-999.00 	-999.00 	71.10 	344.70 	60.40 	345.30 	6.4	93.6	27.6	126	22	121.8	12.2	121.2	9.3	173.2	11.2	147.4	10.7	181.1	13.8	229.7	4.8	254.2	12.4	276.9	10.4	293.9	9.1	210.5	8.2	295.3	10	285	11.9	281.6	16.4	276.6	19.4	276.5	11.6	287.5	18	275.1	13.3	237.3
20130319	160000	-999.00 	-999.00 	-999.00 	-999.00 	-999.00 	-999.00 	47.30 	351.40 	10.90 	157.90 	12.3	169.2	20.5	132	22.7	140	21.5	125.2	20.4	144.4	21.7	162	12.6	169.9	10.7	211.6	13.5	197.6	14.3	191.3	15.7	177.4	14	168.1	12	207.8	15.4	212.2	13	192	4.8	244	12	200.6	4.7	208.2	11.6	249.4	12.7	265.1
20130319	170000	-999.00 	-999.00 	-999.00 	-999.00 	-999.00 	-999.00 	16.10 	28.20 	20.90 	124.10 	9.9	186.4	31.9	165.3	26.5	165.6	26.1	155.6	25.3	151.4	24.7	167.4	19.2	158.9	18.1	187	16.1	184.7	20.6	196.9	17.8	199.3	19.2	233.5	15.9	225.3	18.1	221.4	11.3	226.4	10.4	226.9	14.9	251.6	17.4	275.6	8.4	275.4	9	260.4
20130319	180000	-999.00 	-999.00 	-999.00 	-999.00 	-999.00 	-999.00 	-999.00 	-999.00 	23.30 	139.70 	22	166.6	39.5	140.8	39.9	143.2	48.1	154.2	41.2	156.2	27.6	149.3	32.4	150.6	36.9	150.1	23.7	159.3	26.3	130.5	19.2	153.4	26.6	144.9	23.8	132.9	17.9	148.3	16.7	146.2	13.7	140	3.1	178.2	4.7	271.2	11.9	277.2	16	292.1
20130319	190000	-999.00 	-999.00 	-999.00 	-999.00 	-999.00 	-999.00 	-999.00 	-999.00 	13.30 	52.60 	24.6	158	46.9	144.1	48.8	145.4	48.6	150	44.1	159.7	44.5	160.6	54.6	163	47.1	174.6	51.8	173.5	53.8	176.8	58.3	179.2	42.6	179.6	31.4	190.6	23.2	161.4	13.5	162.8	10.2	202.5	9	137.3	5.3	31.9	12.4	44.4	8.7	348.7
20130319	200000	-999.00 	-999.00 	-999.00 	-999.00 	-999.00 	-999.00 	-999.00 	-999.00 	32.70 	258.40 	31.9	201.1	30.8	174.6	45.1	174.3	43.2	171.3	42.8	175.3	40.3	175.3	35.2	173.8	40.8	181.3	38.4	175.4	44.4	184.3	44.7	161.7	49.4	167.6	52.5	177.9	53.6	179.8	63.8	173.7	54.2	169.6	55.7	185.8	60.4	182.7	64.3	172.4	67	173.5
20130319	210000	-999.00 	-999.00 	-999.00 	-999.00 	-999.00 	-999.00 	-999.00 	-999.00 	30.80 	242.30 	32.5	217.3	52.1	170.2	67	165.9	58.2	162.9	65.5	161.8	51.2	169.9	46.1	165	50.7	164.3	46.4	163.2	46.3	157.1	58.3	159.8	53.8	160.6	43	161.1	49.9	162.6	43.4	175.5	35.4	191.9	30.9	216.1	31.2	252.5	39.4	269.1	50.2	272.6
20130319	220000	-999.00 	-999.00 	-999.00 	-999.00 	-999.00 	-999.00 	-999.00 	-999.00 	-999.00 	-999.00 	24.4	196.2	36.4	173.7	55.1	167.6	52.4	158.5	58.5	155.7	62.7	153.5	52.6	144.8	48	141.3	41.8	143.5	19.8	133.8	5.5	216.9	19.1	290.9	23.3	297	22.6	317.1	25.6	318.6	9.4	317.1	7.4	348.2	8.4	311.6	4.6	339.6	6.1	263.4
20130319	230000	-999.00 	-999.00 	-999.00 	-999.00 	-999.00 	-999.00 	-999.00 	-999.00 	37.50 	287.70 	27	240.2	25.7	208.1	43.1	186.5	41.4	171.7	37.7	177.7	36.5	171.7	32.9	177	7.5	201.1	14.6	11.9	9.1	0	15.1	345.8	6.3	10.9	5.1	300.6	6.6	294.2	1.2	149	0.4	225	5.6	266.9	2.8	329.7	1	24	5.7	40.7
20130320	00000	-999.00 	-999.00 	-999.00 	-999.00 	-999.00 	-999.00 	-999.00 	-999.00 	41.90 	336.50 	10	205.5	15.1	226.9	28.7	209	15.5	184.8	17.2	85.7	36	50.7	35.1	34.5	25.1	30.6	19.2	16.4	16.2	15.4	3.8	334.8	4.1	12.7	7.7	220.3	19.6	298.7	9.8	290.8	23.9	271.9	11.2	271	3.9	284.7	8.7	301.3	13.5	285.1
20130320	10000	-999.00 	-999.00 	-999.00 	-999.00 	-999.00 	-999.00 	-999.00 	-999.00 	67.90 	344.60 	36.9	331	11.7	325.1	17.9	351.3	31	27.1	35.1	33.7	35.5	21.6	32.5	30.5	22.7	15.6	21.4	6.7	12.6	324	12.9	262.9	16.8	260.8	10.2	277.9	8.2	292.8	9.1	328.1	8.1	317	5.4	240.1	5.6	281.3	14.5	273.6	13.7	290.6
20130320	20000	-999.00 	-999.00 	-999.00 	-999.00 	-999.00 	-999.00 	-999.00 	-999.00 	93.90 	350.60 	54	346.1	16.2	18.3	33.3	27.7	33.1	29.5	20.1	26.9	24	8.4	25.1	338.4	25.7	333.6	21.6	291.5	23.5	278.1	19.9	284	12.8	277.2	7.8	320.2	11	343.7	3.5	255.2	4.4	346.9	3.1	90	10.1	316.2	12.2	311.7	12.7	314.7
20130320	30000	-999.00 	-999.00 	-999.00 	-999.00 	-999.00 	-999.00 	-999.00 	-999.00 	91.40 	2.00 	53.8	355.6	13.5	348	29.1	346.5	30.3	355.3	37.9	358.6	30.7	341.6	23.8	333	15.5	323.1	8.5	291.4	15.6	285.2	18.1	285.7	12.9	268.7	10.8	248.9	9.1	276.3	8.9	333.4	4.8	278.5	3.8	41.8	6.5	180	8.8	255.5	6.1	279.5
20130320	40000	-999.00 	-999.00 	-999.00 	-999.00 	-999.00 	-999.00 	-999.00 	-999.00 	79.00 	358.80 	42.3	347.1	10.7	16.2	19.9	6.3	37.8	348.4	32	353.5	29.2	349.5	22.8	337.8	20	305.8	16.4	296.4	10.5	278.2	16	269.3	4.5	242.3	7.3	270	9	316.4	3.9	332.8	5.9	84.2	2.7	276.3	7.5	10	11.4	37.9	9.8	54.5
20130320	50000	-999.00 	-999.00 	-999.00 	-999.00 	-999.00 	-999.00 	-999.00 	-999.00 	68.00 	356.80 	27.9	343.1	14.1	128.7	9.2	121.6	12.5	352.2	9	340	4.4	260.8	11.6	304.1	10.9	288.1	12.7	267.8	21.5	280.5	20	274.6	24.5	280.8	21.4	263.8	17.5	272	22.5	304.3	13.1	297.7	13.5	281.1	7	269.2	15.4	243.4	11.6	274.9
20130320	60000	-999.00 	-999.00 	-999.00 	-999.00 	-999.00 	-999.00 	-999.00 	-999.00 	38.50 	7.80 	9.8	317.1	14.4	150.1	15.1	150.7	1.8	167.5	6	325.8	9	293.4	8.1	36.4	3.3	62.6	5.2	296.1	9.4	322.8	7.4	306.7	2.6	4.4	8.1	252.7	13.3	288.8	6.9	265	13.3	246.9	13	234.4	19.9	285.7	15.1	253.5	19.8	281.9
20130320	70000	-999.00 	-999.00 	-999.00 	-999.00 	-999.00 	-999.00 	-999.00 	-999.00 	46.40 	21.20 	10.3	41.1	5.1	141.3	17.8	134.6	7.6	313.9	5.1	358.9	4.2	25.4	6.3	17.6	4.3	320.7	5.1	307.1	2.8	272.1	11.7	312.9	10.3	292.8	6.4	359.1	3	277.6	5.5	320.2	15.8	341.6	11	1	6.6	40.7	11.4	6.6	0.6	149
20130320	80000	-999.00 	-999.00 	-999.00 	-999.00 	-999.00 	-999.00 	-999.00 	-999.00 	46.00 	10.00 	24.8	323.9	14.8	158.6	19.7	152.8	14.9	143.8	13.2	351.8	12.6	351.4	5.5	27.9	6.8	37.9	5.5	94.2	10.2	2.8	9.8	352.9	1.4	274.1	3.6	223.9	3.5	323.1	13	270.4	8.6	333.7	5.5	295.6	10.4	294.4	12.8	304.2	7.1	280.5
20130320	90000	-999.00 	-999.00 	-999.00 	-999.00 	-999.00 	-999.00 	-999.00 	-999.00 	47.40 	345.90 	25.7	318	10.8	177.3	19.5	171.2	6.5	138.7	7.6	284.4	15.7	345.6	10.4	85.6	10	36.9	3.5	273.3	4.9	317.5	6.9	283.4	7.8	289.4	5.1	3.4	2.9	354.1	6	205.7	7.3	280.2	13.5	240.8	2.1	354.6	5.3	280.9	6.9	296.6
20130320	100000	-999.00 	-999.00 	-999.00 	-999.00 	-999.00 	-999.00 	-999.00 	-999.00 	43.60 	9.80 	16.6	1	17.6	246.9	9	181.9	8.6	314.1	22.5	353.4	24.5	348.5	13.8	353.3	10.5	49.6	9.3	45.4	15.7	5.5	5.9	19.6	7.4	338.6	2.1	280.8	7.9	298.8	13	320.9	10.7	284.6	11.9	301.5	12.9	287.2	13.2	260.8	9.9	271.2
20130320	110000	-999.00 	-999.00 	-999.00 	-999.00 	-999.00 	-999.00 	-999.00 	-999.00 	47.90 	1.20 	12.1	296.6	6.2	328.1	16.1	333.1	22.6	349.5	26.3	351.3	28.3	358.8	19.3	356.7	13.1	9.7	8.6	332.2	7.3	0	2.3	350.1	10	2.3	18.2	356.9	14.1	0.8	6	332.1	8.1	284.4	15.4	304.4	4.2	328.6	10.4	264.5	8.7	290.9
20130320	120000	-999.00 	-999.00 	-999.00 	-999.00 	-999.00 	-999.00 	-999.00 	-999.00 	72.80 	348.00 	28.8	325.5	16.5	353.4	22.8	341.1	25.8	333.5	30.9	332.6	34.5	331.4	38.8	343.2	30.5	2.6	28.3	339.8	29.3	339.4	18.2	8.5	20.6	338	12.6	318.2	18.1	332.3	6.1	251.9	11.9	311.6	3.6	335.6	9.7	256.8	12.4	293.7	10.9	221.3
20130320	130000	-999.00 	-999.00 	-999.00 	-999.00 	-999.00 	-999.00 	95.40 	343.40 	62.20 	342.40 	19.6	333	30	6.9	42.8	8.9	40.6	2.4	34.9	7.9	21.2	7.9	26	8.2	21.1	342.6	6.4	32.2	9.6	282	13.6	260.3	13.8	261.2	20.1	270.3	23.6	276.6	23.3	279.6	25.5	279.7	26.5	288.2	25.8	284.4	24.4	293.4	23.7	283.4
20130320	140000	-999.00 	-999.00 	-999.00 	-999.00 	-999.00 	-999.00 	99.10 	349.30 	71.90 	352.70 	23.9	335.5	40.6	356.8	29.4	12.8	29.3	16.6	21.3	28.3	12.1	17.2	9.2	354.4	10.1	307	13.9	339.4	18.7	295.6	17.7	290.2	28	263.8	24.3	283.6	26.7	261.2	22.8	267	24.7	265.1	22.9	270	25.4	277	27.9	258.4	30.2	274.4
20130320	150000	-999.00 	-999.00 	-999.00 	-999.00 	-999.00 	-999.00 	75.30 	349.80 	31.50 	9.30 	15.9	58.6	26.4	33.6	17.5	31.4	14.2	30.9	7.2	84.5	2.7	0	14.5	310.8	5.5	297.9	15.6	286.4	26.4	272.6	24.4	279.4	16.8	272.7	20.2	267.2	19.1	285.5	17.5	274.9	17.8	259.3	23.1	277.2	17.4	275.9	19.5	284.5	20.9	286.7
20130320	160000	-999.00 	-999.00 	-999.00 	-999.00 	-999.00 	-999.00 	37.80 	2.40 	16.20 	37.20 	0.5	216.9	12.9	120.1	11.1	86.9	7.7	208.9	8	122.7	7.1	233.6	9	261.1	8.3	255.3	9.9	263.6	8.9	278.4	15.2	254.8	17.8	250.3	11.1	260.7	10.8	259.8	16.1	246.2	11.7	277.9	16.1	260.4	18.3	252.2	16.1	288.1	17.1	281.1
20130320	170000	-999.00 	-999.00 	-999.00 	-999.00 	-999.00 	-999.00 	43.50 	349.00 	19.80 	14.30 	14.1	165.2	29.5	171.8	32.7	148	16.6	136.5	8.8	140.5	4.2	210.3	3.7	130.6	7.3	260.5	0.5	270	10.1	267.7	10.6	233	9.8	298.7	15.2	266.2	8.2	215.6	11.1	255.3	13.2	270	6.2	209.1	10.2	275	10.4	250.9	13.5	261.9
20130320	180000	-999.00 	-999.00 	-999.00 	-999.00 	-999.00 	-999.00 	46.90 	168.30 	39.10 	146.80 	23.8	154.8	36.2	156.9	36.8	156.8	24.7	144.7	11	143.9	8.2	159.4	8.8	187.8	6.5	235.1	6.7	200.8	2.8	288.4	8	279.3	9.8	286.6	6.5	253	4.6	246.8	9.1	260.5	18.8	246.2	4.9	294	2.7	340.2	4.4	344.1	3.9	211.2
20130320	190000	-999.00 	-999.00 	-999.00 	-999.00 	-999.00 	-999.00 	-999.00 	-999.00 	34.60 	166.10 	24.8	199.5	42.1	166.3	53.3	162.5	41.7	154.9	46.6	150.3	41	148.4	35.9	150.4	33.8	165.1	14.2	162.3	14.8	184.3	10.9	183.7	13.1	201.1	9.3	214.9	7.9	242.8	6.1	290.2	9	234	9.3	304.9	13.5	296.9	8.9	328.8	11.4	281.6
20130320	200000	-999.00 	-999.00 	-999.00 	-999.00 	-999.00 	-999.00 	-999.00 	-999.00 	51.30 	140.70 	36.9	163.6	37.2	161.3	58.6	166.4	65.2	162.5	55.3	152.8	43.5	146.7	32.2	149	21.7	147	22.5	162.9	7.4	203.1	7.7	223.4	4.3	259.2	13	284.3	9.6	334.8	16.3	303.2	18.5	277.1	16.3	278.1	11.4	281.1	13.8	270.4	4.8	272.4
20130320	210000	-999.00 	-999.00 	-999.00 	-999.00 	-999.00 	-999.00 	-999.00 	-999.00 	51.80 	155.50 	42.8	170.2	30.1	168.7	52.6	164.9	51	159.8	54.7	159.1	65.8	163.8	54.4	168.2	31.6	167.9	11.8	176.6	6.8	291.6	5.6	328.9	18.5	7.1	8.9	9.7	16.4	32	14.7	9.4	16.2	36.4	10.3	47.4	6.4	113	4.4	115.4	2.5	256
20130320	220000	-999.00 	-999.00 	-999.00 	-999.00 	-999.00 	-999.00 	-999.00 	-999.00 	72.10 	151.40 	64	149.2	39.5	171.6	59.3	167.4	64.7	159.9	66.9	157.1	67.6	152.7	64.1	153	59.8	160	35.5	165	23.1	197.4	14.8	294.3	23.3	297.1	17.6	323.1	18	322.2	12.3	303	12.2	305	6	43	5.5	61.6	4.5	93.8	14.5	87.6
20130320	230000	-999.00 	-999.00 	-999.00 	-999.00 	-999.00 	-999.00 	-999.00 	-999.00 	-999.00 	-999.00 	120.3	154.9	38.2	169.3	54.8	166.7	53.3	161.6	62	164.6	65.4	152.3	55	159	59.5	170.7	34.3	173.1	18.6	207.9	18.3	265.3	24.2	301.1	16.2	301.6	20.7	308.5	12.1	299.1	5.7	322.1	6.3	318.2	7.1	4	1.2	284	7.3	325
20130321	00000	-999.00 	-999.00 	-999.00 	-999.00 	-999.00 	-999.00 	-999.00 	-999.00 	-999.00 	-999.00 	106.5	172.2	31.9	176.8	48.6	178.8	53.8	176.2	37.5	164.7	22.8	177.2	10.7	206.1	8.3	4.1	7.8	44.5	6.7	69.9	12.5	35.2	7.7	292.9	6.5	214.9	5.9	160	3.9	252	5.7	234.3	6.3	259.9	4.3	322.6	2.5	78.2	5.6	99.3
