20130310	00000	-999.00 	-999.00 	-999.00 	-999.00 	44.00 	164.90 	70.80 	157.4	60.8	160.8	104.3	157.8	103.9	165.5	93.7	162.5	78.8	162.1	78	163.7	71.8	165.2	74.9	164.5	61.4	171.9	56.6	163.7	57	158.7	56.4	159.7	32.6	157.7	36.1	156.5	32.6	158.6	25.5	147.2	24.6	185.1	25.7	208.6	17.7	190.7	16.8	216.1	15.2	222.1	6.9	223.8	9.4	222								-999.00 	-999.00 	-999.00 	-999.00 	
20130310	10000	-999.00 	-999.00 	-999.00 	-999.00 	85.70 	166.60 	97.40 	164.6	77.9	165.3	113.8	155.8	119.7	153.4	113.4	151.9	110	151.3	107.5	150.7	103.2	150.4	98.2	147.8	94.9	147.7	82.8	156.4	88.3	146.7	76.5	151.8	68.3	149.8	65.4	154.3	62.2	162	54.6	169.1	47.7	168.6	45.6	169.4	33.4	175.5	33.9	194.7	27.9	202.3	23	227.3	26.1	267.1           -999.00 	-999.00 	-999.00 	-999.00 	
20130310	20000	-999.00 	-999.00 	-999.00 	-999.00 	-999.00 	-999.00 	85.20 	167.7	98	164.3	106.9	159	116	151.3	108.3	155.4	104.5	148.3	98.8	151	93.2	152	74.9	151.2	77.9	149.6	68.2	144.3	51.3	147.4	41.7	152.2	30	150.2	33.9	146.2	28.2	131.6	17.7	116.1	7.7	120.6	9.9	130.9	7.7	45.5	7.5	280.7	6.6	288.4	17.4	305.4	25.8	293.8                       -999.00 	-999.00 	-999.00 	-999.00 	
20130310	30000	-999.00 	-999.00 	-999.00 	-999.00 	-999.00 	-999.00 	63.90 	196.5	83.2	175.9	77.7	161.5	88.5	164.7	77.7	165.2	84.6	161.8	83.4	162	73.2	157.7	62.6	158.3	51.2	155.3	57.1	158.7	48.9	161.6	38.2	151.7	36.4	163.1	31.6	172	21.7	168	18.6	170.4	12.6	151.6	9.9	124.3	5.1	170.9	3.2	354.6	23	281.3	36.1	275.3	42	287.6                 -999.00 	-999.00 	-999.00 	-999.00 	
20130310	40000	-999.00 	-999.00 	-999.00 	-999.00 	-999.00 	-999.00 	64.90 	216.9	45.2	200.3	45.2	176.3	46.6	182	34.9	169.1	33.5	167.3	30.9	152.6	29.7	150.3	25.2	145.2	14.2	131.9	0.7	164.1	10.4	323.2	18.7	309.1	16.8	316.2	18.9	339.6	12.1	322.4	9.9	329.5	2.8	39.3	6.2	247.2	4	172.9	6.1	90.9	4.7	67.3	9.7	128.3	11.3	77.7                      -999.00 	-999.00 	-999.00 	-999.00 	
20130310	50000	-999.00 	-999.00 	-999.00 	-999.00 	-999.00 	-999.00 	39.60 	250.8	7.5	324.8	17.3	27.2	17.2	42.4	23.7	41.1	21.5	42.4	19.1	46.3	15.3	26.7	14.9	14.8	13.5	29.8	6.8	19	17.5	313.4	20.7	290.6	14.1	296.9	12.6	290.4	16.9	304.9	10.5	282.7	15.3	283.6	11.5	294.6	11.3	259.8	15.9	233.4	9.5	259.1	7.9	249.3	3.1	187.3             -999.00 	-999.00 	-999.00 	-999.00 	
20130310	60000	-999.00 	-999.00 	-999.00 	-999.00 	24.00 	313.50 	16.10 	317	12.4	290.3	12.5	311.1	14.6	300.4	13.3	289.8	11.8	319.8	7.7	295.2	15.3	331.1	9.9	306.4	7.1	313.3	9.4	320.2	9.8	321.6	11.2	293.6	13.6	303	19.5	320.2	17.9	310.9	27.3	335.1	27.6	341.8	40.4	340.8	43.7	349.1	50.1	357.4	52.5	2.1	61.1	0.7	59.5	1.9                         -999.00 	-999.00 	-999.00 	-999.00 	
20130310	70000	-999.00 	-999.00 	-999.00 	-999.00 	29.60 	284.50 	19.20 	281.1	13.7	261.2	26.6	279.3	23	263	20.8	267.8	18.9	278.2	17.5	257.1	26.6	283.3	30.2	282.1	32.4	291.2	26.9	290	23.6	298.3	21.4	309.7	26.3	314.4	32.2	341.9	41	337.9	48	339.4	56.1	342.6	60.9	342.1	63.7	337.8	60.2	344.5	59.1	347.5	55.9	347.5	53.7	352.2               -999.00 	-999.00 	-999.00 	-999.00 	
20130310	80000	-999.00 	-999.00 	-999.00 	-999.00 	5.80 	320.60 	10.50 	223.4	9.4	170.8	8.8	166.9	7.6	209.9	7.7	218.7	16.7	233.3	22.3	267.7	19.3	270	21.3	326.7	22.3	335.1	23.4	335.5	36.4	344.7	40.5	339.2	44.6	340.5	53.9	348.9	54.1	352.8	70.5	338.6	70.4	344.9	67.8	346.4	71.5	344.5	65.2	347.5	59.3	348.6	57.9	346.4	53.4	338.1                 -999.00 	-999.00 	-999.00 	-999.00 	
20130310	90000	-999.00 	-999.00 	-999.00 	-999.00 	16.60 	355.50 	11.00 	314.6	2.6	292.6	6.5	289.8	11.1	290.1	15	254.6	20.7	243.6	17	240.7	17.8	234.2	16.2	262.9	9.2	287.1	16.5	285.8	13.6	317.4	6.3	339.6	10.6	7.1	20.9	3	17.2	353.3	14.6	352.9	24.1	4.5	41.6	356.6	52.8	1.1	64.7	1.1	76.1	1.1	78.7	355.3	85.6	355.5                               -999.00 	-999.00 	-999.00 	-999.00 	
20130310	100000	-999.00 	-999.00 	-999.00 	-999.00 	22.20 	304.20 	13.60 	309.1	10.9	307.2	15.2	287.6	11.4	243.4	15.4	227.4	19.5	217.5	15.2	223.1	15.4	225	10.4	230.8	7.1	222.7	7.3	191	6.8	177.5	7.5	180.8	3	185.7	8.9	73.6	4.2	124.4	21.2	116.1	12.2	118.5	11.5	120.4	3.4	90	10	16.3	15.2	21.2	26.5	5.8	42.5	352.6                               	-999.00 	-999.00 	-999.00 	-999.00 
20130310	110000	-999.00 	-999.00 	-999.00 	-999.00 	63.20 	192.50 	20.20 	183.1	11.2	189.8	2.1	112.8	2.7	26.6	2.9	264.1	0.7	45	3.4	331.9	7.1	265.2	10.5	260.1	14.6	230.3	16.1	239.3	14.7	273.9	7.3	301.5	10.3	273.9	9	317.3	10.3	318.9	1.1	138.8	8.9	343.6	7.8	297.6	13.9	243.1	6.9	255	7.1	280.5	14.7	252.2	11.5	237.4                                   	-999.00 	-999.00 	-999.00 	-999.00 
20130310	120000	-999.00 	-999.00 	-999.00 	-999.00 	57.50 	178.70 	46.70 	170.9	24.4	167	24.3	178.3	28.8	176	22.8	184.3	18.6	198.8	21.1	200.2	18.6	190.8	23.5	209.3	21.4	198.8	20	204.9	18.9	189.1	14.3	192.1	18.7	199.4	11.2	197.1	15.6	186.6	6.8	202.4	5.1	200.6	10	226.6	5.1	258.7	4	230	16.7	273.4	12.4	290.8	17.3	281                         	-999.00 	-999.00 	-999.00 	-999.00 
20130310	130000	-999.00 	-999.00 	-999.00 	-999.00 	56.20 	167.30 	53.60 	166.7	42.4	170.2	49.1	157	46.4	155	45.6	148.5	49.4	156.8	46.4	155	32.1	158.6	30.8	158.9	33.4	169.5	31.4	168.6	33.6	180	28	176.5	12	180.9	12.3	234.3	14.1	237.8	20	251.4	11.8	236.7	16.3	269.6	10.3	289.3	10.8	295.9	17.6	293.8	25.7	301.5	21.9	308.3                 	-999.00 	-999.00 	-999.00 	-999.00 
20130310	140000	-999.00 	-999.00 	-999.00 	-999.00 	28.30 	175.50 	21.80 	188.4	27.6	167.7	62.2	154.4	71.3	153.1	65.9	152.2	68.2	150.4	73.1	152.7	65.4	163.6	63.2	163.9	62.4	165.1	48.8	165.3	42.3	159.3	47.3	156.8	37.5	150.8	33.5	150.4	32.8	158.4	23.5	162.9	18.7	149.2	15.1	151.1	14	154.7	8.8	213.9	21.5	188	28.9	203.9	23.4	220.8         	-999.00 	-999.00 	-999.00 	-999.00 
20130310	150000	-999.00 	-999.00 	-999.00 	-999.00 	16.20 	86.10 	20.60 	143.1	31.2	171.7	59.3	167.6	62.8	161.4	63.1	162.6	58.8	158.7	48.6	159.7	46.8	164	38.1	163	39.3	162.7	44.4	151.7	40.9	155.9	39.6	151.6	35	147.1	33.1	145.3	39.1	148.6	42.7	152.9	38.2	161.2	37.4	163.6	29.3	170.6	30.2	184.4	26.1	193.3	30.6	211.9	26.3	224.4         	-999.00 	-999.00 	-999.00 	-999.00 
20130310	160000	-999.00 	-999.00 	-999.00 	-999.00 	22.00 	21.30 	8.90 	105.6	34.5	178.2	42.9	181.9	41	177.5	42.6	171.8	36.3	153.2	19.5	153.4	20.3	149.8	6.2	70.1	10.5	4.4	9	359.4	7.2	232.3	5.2	234.5	6.6	276.1	9.2	289.6	16.7	305.5	11.9	297.4	20.3	270.3	26	258	26	264.9	26.6	268.1	27.7	272.9	32.9	282.5	27.3	265.2                             	-999.00 	-999.00 	-999.00 	-999.00 
20130310	170000	-999.00 	-999.00 	-999.00 	-999.00 	83.60 	358.60 	45.00 	357.5	13.4	321.3	22.7	10.2	28.8	353.4	25.6	343.9	29.5	334.5	30.2	347.4	26.9	346.2	27.1	2.3	24.7	0.2	29	2.8	31.7	357.1	26.5	358.5	15.4	3.3	14.6	7.5	14.5	327.4	7.7	300.6	18.4	274.4	17.9	257.1	15.8	272.2	14	274.9	21.3	277.3	24.6	274.7	16.5	256.7                   	-999.00 	-999.00 	-999.00 	-999.00 
20130310	180000	-999.00 	-999.00 	83.20 	355.90 	92.20 	355.30 	47.40 	339.6	31.6	327.7	32.5	316.7	32.7	314.3	25.1	297	27.3	282.3	27.7	282.9	29	268.8	22.8	298.8	27.7	271.6	23.3	258.1	24.2	247.7	22.9	266.5	25.5	277.2	27.6	307	24.2	327.2	36.3	335.3	48.6	342.6	74.3	353	85.1	353.9	96.9	346.4	98.6	348.7	93.5	355	80.9	354.8                 	-999.00 	-999.00 	-999.00 	-999.00 
20130310	190000	-999.00 	-999.00 	111.20 	4.20 	79.70 	359.40 	49.60 	351.1	60.6	353.6	76.5	350.4	89.9	1	93.5	2.3	82.7	0.6	79.6	358.1	72.6	1.3	69.5	2.6	68.1	356.5	61.4	5.5	58.3	358.2	55.7	351.5	53.6	345.3	44.3	342.6	40.6	332.7	34.4	340.8	31.3	326.2	30.3	322	27.1	301.9	19.1	287.7	24.7	267.9	23.3	271.7	30.5	264.4                         	-999.00 	-999.00 	-999.00 	-999.00 
20130310	200000	-999.00 	-999.00 	113.20 	7.00 	81.10 	4.20 	84.30 	3.5	89.9	2.9	86	2.9	78.8	0.4	73.5	4.9	71.7	2.7	60	6.9	58.3	9.4	54.4	12.5	46.2	9.7	39.6	356.7	33.5	3.6	18.8	14.2	8.9	345.6	8.2	310.1	15.6	284.8	16.9	274.8	17.5	247.5	10.8	263.1	20.6	240.3	23.8	231.3	22.4	239.7	31	245.2	32.9	246.7                                         	-999.00 	-999.00 	-999.00 	-999.00 
20130310	210000	-999.00 	-999.00 	86.10 	351.90 	48.90 	358.50 	43.30 	16.6	48.2	21.7	39.7	23.3	36.9	16.2	29.1	19.9	25.1	25	28	39.5	24	9.1	14.2	28.6	14.7	46.6	15	31.4	18.8	18.6	21.8	351.8	19.9	356.6	23.1	348.8	21.5	343.5	29.1	328.1	16.6	330	21.7	338.6	14	315	15.8	331.3	18.3	270.6	25.7	272.9	19.8	304.9                       	-999.00 	-999.00 	-999.00 	-999.00 
20130310	220000	-999.00 	-999.00 	40.10 	357.00 	20.70 	23.10 	9.90 	53.6	21.7	34.9	14.8	54.6	4.9	140.8	6.8	107.1	4.9	166	4	205.3	5.2	222.7	2.7	326.9	4.2	295.4	6.7	298.5	15.5	311.1	16.1	340.4	10.3	313.4	18.8	288.9	18.5	266.3	18.1	264.9	21.5	272.1	23.8	271.4	27.6	259.8	26	265.6	37.4	251.8	35.8	262.1	33.3	255.1                               	-999.00 	-999.00 	-999.00 	-999.00 
20130310	230000	-999.00 	-999.00 	13.40 	309.90 	8.60 	214.10 	27.40 	183.3	50.5	165.3	53.5	153.6	53.1	157	47.8	161.4	29.2	166.7	30	178.3	21.9	180.8	6.7	197.3	9	234.9	12.4	213.8	12.8	198.2	6.5	246.6	15.3	282.5	21.7	275.8	23.1	257.2	19.5	248.3	17.7	262.6	19.4	255.4	14.7	255	16.6	269.6	18.5	242.6	21.7	261.8	24.2	240.6                       	-999.00 	-999.00 	-999.00 	-999.00 
20130311	00000	-999.00 	-999.00 	7.30 	106.00 	9.40 	138.00 	37.10 	170.2	71.2	154.4	83.8	156.1	80	157.3	70.9	167.3	57.8	170	49	173.1	44.4	169.1	41.7	166	39.8	166.5	39.1	169.4	32.6	187.9	28.8	168.6	27.7	181.7	24.2	192.7	14.6	175.7	21.9	194	17.1	226.4	14.9	263.1	19.3	237.3	17.3	239	21.2	251.8	17.4	256.7	24	259.7                           -999.00 	-999.00 	-999.00 	-999.00 	
20130311	10000	-999.00 	-999.00 	-999.00 	-999.00 	48.90 	168.80 	66.00 	166.3	69.7	159.3	102.6	158.6	97	162.5	97	167.6	93.4	161.6	85.4	166.5	82.3	160.8	73.6	156	66.9	155.3	61.1	160	68	158.3	56.9	158.2	56.5	158.6	54.3	160.3	51.4	158.9	40.5	162.3	33.6	169.7	30	166.7	30.3	160.3	29.9	167	19.5	179.1	16.1	212.6	10.2	189                     -999.00 	-999.00 	-999.00 	-999.00 	
20130311	20000	-999.00 	-999.00 	-999.00 	-999.00 	103.50 	175.90 	114.90 	169.8	83.4	166.9	106	156.8	110	153.5	109.7	150.3	110.2	146.3	102.1	150.1	93.5	151.1	84.3	152.1	81.6	148	68.5	149.5	65.2	147.2	56.7	156.3	51.8	148.8	43.9	145.1	38.9	155.1	35.1	152.8	26.1	148	22.9	170.7	26.7	196.5	28.3	197.9	29.1	193.3	31.3	213.1	22.7	217.5             -999.00 	-999.00 	-999.00 	-999.00 	
20130311	30000	-999.00 	-999.00 	-999.00 	-999.00 	-999.00 	-999.00 	102.10 	168.6	121.6	164.9	125.3	167.4	119.6	161.7	115.4	155.4	103.2	155.2	99.6	150.9	95.3	143.9	86.9	152.3	79.3	144.4	69	140.6	67.7	144.6	58.8	142.1	53.8	138	45.3	135.1	40.6	129.4	36.7	131.9	31.2	123.5	38.4	117	34.5	91.5	27.8	103.1	33.3	97.9	25.4	72.8	26.8	83.1        -999.00 	-999.00 	-999.00 	-999.00 	
20130311	40000	-999.00 	-999.00 	-999.00 	-999.00 	-999.00 	-999.00 	67.10 	175.9	61.9	170	62.3	176.1	68.2	164.6	54.9	167.5	59.3	169.6	56.7	161.6	50	156.3	49	150.2	43.6	153.3	37.3	146.1	37.1	145.1	31.5	136.2	25.1	147.2	19.9	149.8	8.1	195.8	7.2	187.2	5.6	244.8	2.1	354.6	15.1	294.2	28.3	274.5	32.1	277.9	32.9	278.4	30.6	270                 -999.00 	-999.00 	-999.00 	-999.00 	
20130311	50000	-999.00 	-999.00 	-999.00 	-999.00 	-999.00 	-999.00 	30.80 	210.6	18.7	208.1	24.6	190.1	15.4	180	16.4	136	18.1	108.7	16.8	80	21.6	63.3	17.9	49.5	9.4	4.3	9.9	346	9.2	348.1	24.9	293.9	26.6	294.2	15.2	310.2	16.5	277.3	15.3	283.6	7.4	277	5.9	251.3	5.9	183.9	11.6	212.3	4.1	216	4.2	257.6	10.6	202.7                               -999.00 	-999.00 	-999.00 	-999.00 	
20130311	60000	-999.00 	-999.00 	-999.00 	-999.00 	12.80 	316.60 	10.60 	329.3	10.6	6	3.5	320.8	5.9	212.6	1.9	323.8	4	320	1.2	235	4	198.9	5.3	79.1	12.9	140.4	10.1	134.6	15	150.5	12.2	140.3	7	189.9	5.9	153.9	8.1	255.8	7.5	247.2	10.9	219.8	8.4	289.5	9	270	12.3	252.4	14.7	273.9	16.4	241.6	0.2	90                                                        -999.00 	-999.00 	-999.00 	-999.00 	
20130311	70000	-999.00 	-999.00 	-999.00 	-999.00 	88.10 	281.90 	42.90 	295.7	13.6	286.7	25.4	298.2	26.6	300.2	25.4	287.1	26	291.9	22.6	297.4	21.3	284.7	18.1	300.5	17.5	282.2	21.6	315.4	28.1	316.1	29.1	324.1	27.4	309.2	31.3	321.9	34.4	325.3	31.7	324.8	41.3	340.6	44.4	340	56.5	354.6	64.4	353.8	70.4	359.8	69.4	354.8	72.8	5             -999.00 	-999.00 	-999.00 	-999.00 	
20130311	80000	-999.00 	-999.00 	-999.00 	-999.00 	65.00 	292.30 	32.20 	277.5	15.1	297.6	17.8	243.3	13.8	262.5	12.4	249.7	18.7	230	18.1	223.7	12.9	225.9	11.3	227.2	4.4	191.8	9.4	242.9	12.2	252.9	13.9	272.9	18.6	293.1	22.8	294.6	29.3	311.4	31.3	307.9	41	333	43.5	342.4	56.7	350.8	77	359	85.7	357.9	86.8	357.1	89	351.7                     -999.00 	-999.00 	-999.00 	-999.00 	
20130311	90000	-999.00 	-999.00 	86.50 	277.60 	72.20 	278.10 	35.00 	281.7	17.3	274	14.6	277.1	13.3	276.9	16.8	283.5	15.5	304.7	15.3	301.6	24.2	294.9	22.2	284.9	23.2	315	28.6	331.1	29.3	338	39.7	356.5	44.5	8	68.5	4.1	78.4	2	75.8	3.3	80.6	356.9	64.2	349.7	61.6	351.8	59.7	346.9	64.6	349.4	61.3	348.8	55.6	345.7                           -999.00 	-999.00 	-999.00 	-999.00 	
20130311	100000	-999.00 	-999.00 	93.00 	274.90 	68.60 	278.20 	20.30 	266.9	18.7	296.3	17.4	274.3	21.5	285.4	18	262.7	18.6	252.2	22.8	232.1	24.4	243.8	17.5	230.6	13.8	212.3	3.2	180	11.1	199.4	7.3	218.9	13.9	161.2	7.9	148.9	5.4	70.6	7.3	359.2	30.9	5.6	52.3	5.5	71.9	4.1	79.2	6.3	74.4	3.8	74.7	359.1	75.3	353.6                               	-999.00 	-999.00 	-999.00 	-999.00 
20130311	110000	-999.00 	-999.00 	58.90 	266.80 	32.40 	262.20 	5.60 	293.3	7.7	90	17.7	94.5	15.5	80	14.8	93.9	16.1	139.8	13.3	159.8	12.3	155.1	15.6	174.5	15.6	204.6	15.5	173.7	15.5	216.3	13.3	204.1	15.2	221.3	16.1	222.2	18.3	224.3	16.5	229.7	16.8	253.7	24	266.7	15.5	248.9	12.3	238	17.8	238.5	18.4	250	18.3	247.9                     	-999.00 	-999.00 	-999.00 	-999.00 
20130311	120000	-999.00 	-999.00 	64.30 	233.00 	44.10 	221.30 	13.70 	148.4	24.4	134.5	17.6	138	6.8	180	6.8	222.6	10.3	201.6	7.7	261.8	14.4	240.4	13.5	241.7	12.2	225	11.7	265.1	14.3	251.7	12.3	253.9	12.6	256.7	16.3	246.1	20.8	264.8	18.7	260.1	14.4	231.2	19.3	293.2	18.8	270	17.6	254.9	16.8	266.9	16.8	278.9	15.6	284.5                     	-999.00 	-999.00 	-999.00 	-999.00 
20130311	130000	-999.00 	-999.00 	-999.00 	-999.00 	87.10 	192.40 	49.10 	194.6	33.6	178.3	42.8	174	52.8	172.4	51.1	175.1	45	177.5	51.2	163.6	44.1	156.2	41.8	163.5	40.3	168.8	43.2	169.1	37.2	176.8	35.9	173.9	24.9	177	31.1	183.7	28.6	177.8	27.3	175.8	29.6	172.6	19.2	195.7	17.6	179.3	23.7	180	23.5	189.8	19.1	206.7	15.4	208.7           	-999.00 	-999.00 	-999.00 	-999.00 
20130311	140000	-999.00 	-999.00 	-999.00 	-999.00 	67.20 	150.80 	78.50 	155.6	70.3	156.9	98.3	159.7	98.6	158	85	165.7	83.3	172.2	73.3	167.9	80.8	165	78.4	161.4	69.5	162.5	71.1	153.9	58.3	157.7	66.3	155.9	56.9	156.1	46.1	156.8	36.6	157.8	41.1	161.4	34.8	159.1	24.1	182.1	20.1	161.5	13.1	189.7	7	185.7	6.3	216	5.4	232.5                   	-999.00 	-999.00 	-999.00 	-999.00 
20130311	150000	-999.00 	-999.00 	-999.00 	-999.00 	52.20 	173.40 	72.00 	179.8	67.9	181.5	79.4	172.8	74.2	172.5	67.9	170.6	70.2	167.4	78.4	161.1	77.9	160	69.5	152.8	59.7	148	59.6	147.7	41.8	145.8	39.4	140.7	31.3	148.6	27.4	141.4	23.1	138.9	21.2	145.6	16.2	138.8	14.3	169.6	18.4	176	18	190.9	19.3	190.4	25.8	218.1	23.3	214             	-999.00 	-999.00 	-999.00 	-999.00 
20130311	160000	-999.00 	-999.00 	-999.00 	-999.00 	43.40 	157.80 	52.60 	172.5	55.8	190.3	76.6	174.3	69.5	173.1	60.3	163.4	55.8	153.9	51	149.5	41.7	140.7	44.1	151.4	40.7	147.3	31.6	125.3	23.7	132.1	21.1	120.5	26.3	126.3	8	157.3	5.7	59.4	1.2	114.4	14.3	272.8	14.1	288.6	22.4	283.7	32.8	270.2	46.7	281.1	52.8	282.8	50.8	282.4             	-999.00 	-999.00 	-999.00 	-999.00 
20130311	170000	-999.00 	-999.00 	-999.00 	-999.00 	42.10 	190.40 	44.70 	204	27.3	203.6	18	161.6	15.9	122.7	10.8	94.2	20.2	63.6	28.3	64.9	25.5	52.5	11.3	52.9	15.3	327.6	22	283.9	26	264.9	20	271.4	32.6	274.2	21.7	266.6	23.5	287.1	21.9	276.5	23.2	255.8	17.3	264.4	16	243.6	16	271.8	12.5	232.1	9.2	257.5	8.4	280.2                     	-999.00 	-999.00 	-999.00 	-999.00 
20130311	180000	-999.00 	-999.00 	-999.00 	-999.00 	20.50 	66.70 	15.60 	9.6	9.4	291.9	21.1	328.2	19.1	305.4	18.8	296.2	20	327.7	19.7	309	19.5	274.4	11.2	270.5	17.7	251.6	16.3	240.1	21.6	250.6	16.7	247.9	19.5	237.1	18.8	220.5	15.6	218.5	18.3	189.1	18	204.6	16.7	166.9	10.3	178.3	9.3	40.2	13.5	5.1	34.7	351.2	52.1	352.4                 	-999.00 	-999.00 	-999.00 	-999.00 
20130311	190000	-999.00 	-999.00 	88.10 	325.60 	83.50 	335.30 	22.90 	318	13.5	289	17.4	316.4	19.4	297	4.8	274.8	15.2	223.1	11	263.7	11.5	262	8.3	275.5	12.1	286.3	11.8	322.3	19.1	358.2	27	320.7	38.7	339.9	39.2	356.8	48.3	351.7	53.9	352	52.4	352.7	64.7	351.3	78.9	347.9	87	349.1	86.6	350.2	86.3	353.6	91.2	358.7                           	-999.00 	-999.00 	-999.00 	-999.00 
20130311	200000	-999.00 	-999.00 	76.30 	322.60 	33.10 	303.20 	23.80 	280.9	19.5	292.6	13.7	256.5	12.7	260	14.5	251.1	14.3	291.7	31.9	314.4	20.9	319.8	30.1	327.6	38.6	327.2	45.8	333.4	52.4	340.4	55	342	64.9	346.7	77.1	352.4	85.2	359.8	86.6	358.8	85.5	3.4	85.9	4.3	75.3	3.5	73.5	3.6	65.9	2.6	64.6	358.1	52.7	357.6                       	-999.00 	-999.00 	-999.00 	-999.00 
20130311	210000	-999.00 	-999.00 	89.30 	332.90 	64.50 	347.00 	59.10 	1	56.8	6.6	54.4	7.2	49.1	358.4	43	6.4	41.2	359	38.5	10.3	27.6	0.2	30.6	355.9	29.5	352.6	23.6	5.3	17.8	320.2	16.7	304.3	18.8	299	23.2	295.6	27.9	291.7	19.2	293	26.3	280.8	34.6	283	27.4	292.4	25.7	300.9	21	285.5	30.6	281.5	20.6	269.7                                 	-999.00 	-999.00 	-999.00 	-999.00 
20130311	220000	42.90 	344.90 	46.90 	343.00 	48.60 	354.40 	46.30 	15.3	53.7	14.8	50.7	21.6	48.7	17.7	47.5	22	39.6	23.8	37.2	25.7	35.6	28	30.4	35	38.4	41.4	29.2	30	22.2	32.5	15.7	51.5	12.6	18.6	11.8	25.1	16.7	354.8	20.9	323.2	21.5	329.9	20.7	306.5	27	269.6	33.5	268.5	36.6	274.7	33.4	285.4	35.5	279.3                     	-999.00 	-999.00 	-999.00 	-999.00 
20130311	230000	69.10 	325.70 	58.30 	323.90 	21.40 	333.70 	23.10 	8.2	22.4	43	18.6	26.4	17.4	24.8	14.7	36.4	15.2	46.3	7.7	23.6	13.3	316.2	14.9	310.6	6.2	313.7	12.4	251.1	12.1	264.8	13.9	239.7	16.6	263.4	18.9	267.9	28.3	269.8	29.1	269.8	31.7	277.8	34	268	30.6	263.4	30.1	263.9	34	261.5	35.1	250	32.2	253.8                           	-999.00 	-999.00 	-999.00 	-999.00 
20130312	00000	-999.00 	-999.00 	42.30 	240.80 	42.10 	211.80 	22.00 	169.3	52.3	159.9	48	153.7	43.8	165	42.3	154.3	32.4	161.6	28.6	170.3	26.1	179.8	23.1	200	17.5	224.8	17.9	206.1	10.1	188.5	17	209.3	16.9	206.4	22.1	218.2	16.8	231.8	17.1	230.9	13.5	249.2	17.1	200.6	13.7	237.2	28.2	250.3	18.8	250.8	17.7	266.8	24.8	253.8                 -999.00 	-999.00 	-999.00 	-999.00 	
20130312	10000	-999.00 	-999.00 	85.90 	184.50 	79.20 	189.20 	61.80 	166.1	77.4	157	89	159.2	84.3	157.2	80.4	155	78.9	152.3	78.7	157.1	69.1	160.3	67.8	153.7	61	153.2	59.7	151.6	59	153.1	50.7	149.4	39.1	154.4	35.9	159.9	28.9	152.1	32.4	158.8	16	181.1	23.9	175.9	12.9	207.8	14.7	232.2	26	223.8	19.6	264.7	31.1	264.7                       -999.00 	-999.00 	-999.00 	-999.00 	
20130312	20000	-999.00 	-999.00 	-999.00 	-999.00 	96.70 	172.30 	118.00 	164.4	111.4	161	125.9	158.2	122.6	155.6	109.2	156.3	109.2	153	110.6	150.2	99.9	150.5	95.5	150.7	89.6	152.1	87	148.5	80.3	149.4	75.7	154.3	81.4	155.5	62.6	154.9	68.9	157.2	56.4	161.4	48	155.6	46.6	157.8	40.5	166.4	30.4	167.5	31	172.8	20.8	174.2	16.1	213.9               -999.00 	-999.00 	-999.00 	-999.00 	
20130312	30000	-999.00 	-999.00 	-999.00 	-999.00 	95.50 	189.30 	97.00 	174.4	104.2	162.3	106.8	161.8	110.7	167.8	109.8	159.4	101.1	160.8	102.5	161.7	112.4	164.3	98.6	156	98.8	157.6	94.8	159.6	92.9	158.2	83.6	160.5	68.8	156.2	67	153.1	58	158.7	53.1	155.5	49	161.1	38.8	169.9	34.9	172.8	23.2	167.3	23.8	193.9	18.3	213.9	18.8	206.8             -999.00 	-999.00 	-999.00 	-999.00 	
20130312	40000	-999.00 	-999.00 	-999.00 	-999.00 	94.80 	205.60 	83.10 	197.5	82.8	170.3	75.9	165.8	75.2	170.1	68.8	165.7	76.3	164.8	70.8	167.8	68.7	165.9	72.7	156.4	55.8	162.8	48.8	158.1	49	159.3	33	161.1	29.9	160.9	13.2	164.6	19.5	129.8	10.3	79.9	15	52.1	13.4	21.4	13.8	13.8	8.2	0	8.7	20.1	8.9	58.8	9.3	355.1                       -999.00 	-999.00 	-999.00 	-999.00 	
20130312	50000	-999.00 	-999.00 	-999.00 	-999.00 	107.40 	228.70 	77.50 	223.1	56	200.9	48.2	195.7	51.1	189.8	49.8	183.9	37.3	183.4	37.5	181.1	37.6	160.9	34.8	150.6	24.6	161.5	28.3	165.9	32.1	155.8	27.2	134.1	24.8	165.5	16.7	150.5	11.2	173.8	2.3	357.5	2.9	333.4	12.3	292	29.4	264.1	27.8	259.2	29.9	279.8	34.4	261.3	33.4	274.1             -999.00 	-999.00 	-999.00 	-999.00 	
20130312	60000	-999.00 	-999.00 	-999.00 	-999.00 	84.70 	232.90 	58.80 	239.4	22.2	233.4	23.1	249.8	11.4	345.8	12.2	356.3	17.1	353	18.4	343.9	15.3	354.4	24.4	18.4	18.6	15.6	8.8	346.1	14.6	22.5	13.7	350.7	9.7	25.8	14.3	9.7	12.4	326.8	9	286.8	9.7	261.1	8.5	245.8	12.6	273.6	13.3	292.5	9.7	203.7	12.4	153.2	1.3	315                           -999.00 	-999.00 	-999.00 	-999.00 	
20130312	70000	-999.00 	-999.00 	-999.00 	-999.00 	39.70 	262.80 	24.60 	310.2	30	328.5	42.9	356.7	50	348.5	41	10	26.1	11.1	22.7	351.7	28.5	348.1	27.1	356	18.9	328	13.3	358.7	18.9	306.4	15.9	332.3	14.7	319.7	2.4	231.7	10.6	287.1	10	271.7	3.9	332.8	8.3	255.3	10.8	250.6	11.1	229.7	20.6	245.3	25.5	247.9	34.9	278.4                         -999.00 	-999.00 	-999.00 	-999.00 	
20130312	80000	-999.00 	-999.00 	55.20 	273.50 	42.20 	267.10 	12.60 	263.6	13.5	185.1	11	153.4	7.2	116.2	10.2	124.6	5.5	248.6	6.2	320.2	16.8	317.2	16.6	326.8	35.5	348.3	42.4	3.1	51.4	6.8	61.6	7.1	74.5	356.1	76	5	73.1	0.9	70.5	5.1	63.4	354.3	71.6	357	61.5	4.3	62.1	2.3	53.7	356.5	53.9	354.6	51.6	352.4                                       -999.00 	-999.00 	-999.00 	-999.00 	
20130312	90000	-999.00 	-999.00 	81.70 	332.60 	77.20 	330.90 	28.80 	300	13.6	272.1	9.7	299.7	12	240.7	15.3	296.7	8.8	289.9	13.7	343.9	23.1	340.2	25.1	356.1	32.8	356.9	42.1	358.8	47.3	5.6	54.5	5.6	55.9	13.4	58.5	7	54.8	9.8	69.5	4.2	79.7	4.4	73.9	356	68.5	355.1	64.8	353.6	67.4	348.6	58.2	348.5	50.4	348.7                                 -999.00 	-999.00 	-999.00 	-999.00 	
20130312	100000	-999.00 	-999.00 	59.50 	321.30 	40.00 	328.80 	12.50 	327.7	13.8	325.6	8.9	341.6	14.7	2.7	12.3	335.9	8.3	340.9	8.9	354.2	19	1.5	27.5	326.7	32.1	317	36.5	320.8	41.3	333.3	41.2	341.6	41.3	345.1	49.9	4.5	57.3	355.1	60.4	353.3	65.2	355.5	72.6	355.7	76.4	359.4	72.5	1.8	72.2	354.1	70	353	66.3	350.6                             	-999.00 	-999.00 	-999.00 	-999.00 
20130312	110000	-999.00 	-999.00 	96.50 	330.90 	53.80 	334.20 	38.10 	342.3	24.3	350	33.9	9	23.5	355.4	9.8	332.6	19.2	300.7	11.5	281	4.3	293.6	2.1	98.1	4.2	239.7	4.1	31	0.8	172.9	6.6	95.2	3.7	66.2	5.8	105	9.2	84.4	5.6	30.3	3.7	212.8	8	22.7	5.6	337.1	7.1	286.4	12.3	343.9	10.5	11.5	17.3	347                                                     	-999.00 	-999.00 	-999.00 	-999.00 
20130312	120000	-999.00 	-999.00 	38.30 	290.90 	5.70 	284.30 	15.00 	141.2	17.4	146	16.5	117.3	25.3	135.6	16	148	8.3	162.4	12.7	163.1	3.4	181.7	8	198.2	11.3	199.7	13	198.4	19.5	228.5	14.1	271.2	19.7	236	22	251.2	21.4	243.1	16.4	242.8	16.1	233.3	19	237.2	17.6	246.2	18.3	275.6	12.9	274.4	17.5	273.3	16.7	269.3                               	-999.00 	-999.00 	-999.00 	-999.00 
20130312	130000	-999.00 	-999.00 	82.80 	190.70 	80.20 	193.20 	32.90 	181	38.3	165.8	48	162.6	39.3	158.7	39	150.9	37.3	147.2	34.6	146.1	32.1	156.2	39.7	156.5	25.2	161.5	29.3	178.6	29.4	165	27.5	186.1	25.3	182	30.1	207.7	28.9	204.3	25	202.1	21.8	204.7	23.9	209	20.2	219.6	18.2	244.6	12.4	264.9	18.2	263.4	10.4	282.2                     	-999.00 	-999.00 	-999.00 	-999.00 
20130312	140000	-999.00 	-999.00 	-999.00 	-999.00 	81.30 	157.00 	69.30 	153.3	60.7	167.3	90.5	159.2	99.3	157.6	91.9	155.2	80.4	155.9	65.8	153	59.2	155.8	51.4	149.8	52	148.8	46.3	156.2	44.8	152.8	37.1	153.2	30.1	148.7	29.9	155.7	28.4	152.7	25.2	175.9	24.6	181.6	9.4	184.3	13.7	221.5	18.6	234.9	21.2	236.2	25.6	237.9	30	265             	-999.00 	-999.00 	-999.00 	-999.00 
20130312	150000	-999.00 	-999.00 	-999.00 	-999.00 	102.90 	163.30 	96.20 	159.3	87.9	158.8	102.6	158.8	108.7	156.9	92.3	158	90	152.2	86.4	152.4	78.9	156.2	70	152.4	61.5	152.7	56.9	157.8	44.1	158.3	37	170.2	31.7	164.7	26.4	160.1	18.3	143	6.7	144.7	4.3	198.8	4.9	306.6	9.6	280.8	13.7	291.3	18	284.1	26.7	277.5	27.8	290.9                       	-999.00 	-999.00 	-999.00 	-999.00 
20130312	160000	-999.00 	-999.00 	-999.00 	-999.00 	74.00 	159.30 	68.60 	161.5	57	169.3	89.2	164.1	84.5	159.1	87.2	159.6	79.5	160	76.9	160.6	72.1	154.2	72.8	153.4	72.2	153.6	67.8	152.9	60.5	157.2	55.2	159.8	46.3	158.5	36.5	158.8	35.7	155.3	28.5	147.6	25.2	165	24.1	176.9	20.3	214.9	17.6	208.9	22.8	249.2	40.8	269.4	44.7	287.5         	-999.00 	-999.00 	-999.00 	-999.00 
20130312	170000	-999.00 	-999.00 	-999.00 	-999.00 	57.00 	184.50 	50.00 	188.6	39.2	156.9	36.2	159.5	41	156.3	38.9	157	46.5	147.8	43.1	152.1	36.2	151.4	42.4	160.2	40	154.1	36.1	146.4	30.5	162.3	18.5	177.2	16.4	167	10.9	165.1	13.7	209.2	20.2	223.6	24.7	213.6	29.1	222.6	31.6	245.5	32.6	261.2	30.7	275.2	34.5	283.2	38.4	271             	-999.00 	-999.00 	-999.00 	-999.00 
20130312	180000	-999.00 	-999.00 	-999.00 	-999.00 	12.50 	83.60 	4.40 	111.3	9.9	170.7	7.6	76.3	17.5	65.8	17.3	46.4	14.5	58.8	20.5	57.9	18.9	73.1	21.1	70	22.1	94.4	24.3	92.6	15.8	89.6	2.5	16.3	11.5	266	9.7	260.5	7.2	261.2	8	267.9	14.2	248.9	12.4	242.2	7.5	218.5	16.3	201.5	10.8	260.4	5.3	270	8.1	251.3                               	-999.00 	-999.00 	-999.00 	-999.00 
20130312	190000	-999.00 	-999.00 	-999.00 	-999.00 	65.50 	356.10 	27.80 	334.6	7.8	264.1	11.6	258.1	12.3	255.8	12.9	225.6	20.8	256.1	18.8	251.8	23.9	249.1	24.1	260.5	12.6	263.2	13.8	238.6	16.8	274.8	9.1	287.2	22	307.6	26	330.8	38.6	340.2	45.6	347.9	48.4	358.3	63.1	354.3	70.2	356.2	70.3	358.1	81.9	352.6	88.2	356.2	80.6	3               	-999.00 	-999.00 	-999.00 	-999.00 
20130312	200000	-999.00 	-999.00 	86.40 	352.80 	77.20 	347.10 	32.00 	316.3	22.1	308.9	17.9	300.9	20.4	313.4	17	288.9	14.7	304.8	18.2	326.7	40.9	355.1	50.4	353.4	70.9	349	81	348.5	84.5	347.1	85.2	344	84.6	350	89.1	351.6	85.9	354.5	84.4	356.5	76.1	354.7	71.6	353.7	74.2	354.9	70.4	355.5	62.8	350	51.1	355.1	40.1	352.8                   	-999.00 	-999.00 	-999.00 	-999.00 
20130312	210000	-999.00 	-999.00 	78.30 	328.90 	60.20 	333.80 	21.30 	331.6	47.6	347.4	47.3	348.6	56.8	355.1	60.8	4.8	63.8	7.5	68.8	11.6	70.2	7.9	63.8	6.6	59.8	8.9	51.5	358	50.8	359.6	47.2	0.7	44.6	354.5	41.2	357.5	50.3	343.3	44.5	337.5	41.6	341.4	35.1	353	31.6	340.8	30.5	341	28.9	322.7	29.7	325.3	26	318.3                           	-999.00 	-999.00 	-999.00 	-999.00 
20130312	220000	-999.00 	-999.00 	19.00 	6.30 	14.70 	337.10 	16.10 	340.4	19.6	333	25.2	320.8	17	330.4	18.8	338.2	11.8	26.1	8.7	22.2	13	29.9	18.8	24.2	33	8.4	43	1.7	49	6.3	51.9	0.7	63.1	1.4	61.8	10	69.2	12.4	70.4	8.2	64	6.4	68.5	4.7	59.7	0.6	54.4	5.8	50.1	7.5	47.6	356.5	37.2	352.7                                                 	-999.00 	-999.00 	-999.00 	-999.00 
20130312	230000	-999.00 	-999.00 	21.60 	9.30 	14.60 	5.90 	6.60 	26.9	10.3	358.9	9.6	270.6	8.8	264.8	8.2	242.5	12.7	264.1	15.9	261.3	19.1	284.3	18	283.8	30.3	282.2	30	286.4	20.2	282.3	17.6	252.5	6.6	278.8	8.1	267.9	9.7	321.3	4.4	315	15.2	311.3	14.9	329.8	15.2	327.9	16.5	350.3	29.2	345.1	34	349.1	41.3	348.7                                   	-999.00 	-999.00 	-999.00 	-999.00 
20130313	00000	-999.00 	-999.00 	33.00 	2.30 	22.50 	10.80 	22.60 	134.3	35	153.1	28.1	148.5	11.6	172.1	9.2	237.9	8	215.9	10.5	215.7	11.6	214.8	19.8	216.6	18	225.7	12	223.3	6.3	242.6	14.9	227.4	11.6	224.3	12.5	241.4	17.5	260.1	13.8	242.3	17.5	262.4	15.6	272.9	16.7	250.8	20.6	276.4	15.7	259	24.3	256	24	264.3                               -999.00 	-999.00 	-999.00 	-999.00 	
20130313	10000	-999.00 	-999.00 	18.00 	147.50 	15.10 	133.70 	26.60 	156.5	28.5	154	42.9	154.3	48.2	157.7	53.9	165.1	51.9	168.4	42.3	168.4	43.3	166.8	30.6	167.2	29.2	157.5	26.1	156.1	25.9	162.3	23.2	159.3	24.2	162.2	27.2	173.9	17.4	157.4	15.5	195.7	18.2	153.3	19	180	21.8	191.1	29.1	179.8	20.8	174.8	19.9	195.4	28.7	193.9               -999.00 	-999.00 	-999.00 	-999.00 	
20130313	20000	-999.00 	-999.00 	-999.00 	-999.00 	42.60 	152.00 	47.40 	159.1	61.4	159.1	95.1	154.8	91.6	160.6	91.9	161.1	75.9	164.4	70.4	162.3	58.3	161.3	46.3	168.2	50.8	170.1	41.1	166.1	43.2	168.1	35.7	167.2	37.7	164.9	32.3	145.7	31.5	157.6	26	172.1	27.1	170.6	17.1	174.3	15.7	189.2	18.6	199.5	13.9	218.3	23.3	241	23.6	248.9         -999.00 	-999.00 	-999.00 	-999.00 	
20130313	30000	-999.00 	-999.00 	-999.00 	-999.00 	108.70 	164.90 	73.80 	174.3	53.5	163.6	112.7	154.7	107.7	150.6	113.2	152.5	102.1	153.3	91.8	150.6	94.9	148.3	90.2	149.9	90.6	155.6	85.5	155.9	74	152.2	84.5	154.3	66.6	155.3	65.9	160.8	57.7	157.9	59	158.5	46.4	159.7	40.6	159.5	28.9	161	22.8	177.2	17.6	181.9	11.5	213.7	19.2	227.8           -999.00 	-999.00 	-999.00 	-999.00 	
20130313	40000	-999.00 	-999.00 	-999.00 	-999.00 	-999.00 	-999.00 	77.40 	162	78	163.2	96.3	158.7	102.6	155.2	101.4	154.2	99.5	146.5	86.1	149.7	91.6	150.2	86.2	148.8	72.3	150.8	70.8	150.9	64.4	155.7	50.3	154.8	49.2	143.9	42.8	159.2	36.8	154.1	37.7	160	27.7	169.2	27.4	173.9	18.4	179.1	13.2	191.4	25.2	215.6	27.6	215	25.6	243           -999.00 	-999.00 	-999.00 	-999.00 	
20130313	50000	-999.00 	-999.00 	-999.00 	-999.00 	-999.00 	-999.00 	48.00 	183.1	62.5	174.2	74.2	162.5	81.6	163.9	77.2	157.4	68.6	154.7	67.6	151.5	60.9	149	56.8	157.8	47.3	159.1	37.5	162.5	43.9	155.8	38.8	160.9	28.1	160.7	22.6	141.8	19.4	155.7	19.2	158.6	16.1	135.5	13.4	90.4	8.9	148.3	6.7	84.9	5.5	296.1	13.8	294.3	24	288.7           -999.00 	-999.00 	-999.00 	-999.00 	
20130313	60000	-999.00 	-999.00 	-999.00 	-999.00 	77.20 	199.80 	66.30 	197.8	45.2	197	35.4	176.3	37.7	168.5	26.1	157.3	24.2	148.7	28.3	131.8	23.2	100.2	24.1	79.5	20	81.1	11.8	85.6	4.8	130.7	5.9	290.9	11.3	304.5	22.3	285.4	29.6	293.5	27.8	281.8	24	271.7	22.6	280.7	18.6	273.7	15.5	283.1	16.3	319.5	7.2	294.4	9.4	228                     -999.00 	-999.00 	-999.00 	-999.00 	
20130313	70000	-999.00 	-999.00 	-999.00 	-999.00 	22.20 	308.80 	20.00 	284.4	13	269.1	14.4	289.9	17.7	307.6	15.5	308.2	20.5	307.3	21.3	298.6	16	286.7	20.2	297.7	20	307.3	13.8	314.7	18.9	300.9	11.4	297.2	9.7	321.7	16.3	336.9	14.7	334.6	7.4	335.2	15.9	18.3	4.3	358.7	12.9	4	9.9	34.3	1.8	312.7	3.4	304.2	5.1	306.2                             -999.00 	-999.00 	-999.00 	-999.00 	
20130313	80000	-999.00 	-999.00 	-999.00 	-999.00 	20.20 	266.00 	28.40 	261.7	15.6	252.8	11.2	237.4	11.1	230.9	15.2	247.2	16	254.7	21.8	251.6	21.3	296.8	18	316.8	23.5	302.7	29.3	320.8	36.7	323	34.4	326	51.5	340.9	58.9	344.7	57.9	341.3	66.2	348.1	70.9	344.2	76.2	349.7	81.4	357.5	87.5	355.4	100.6	355.9	98.6	0.1	91.7	358.2               -999.00 	-999.00 	-999.00 	-999.00 	
20130313	90000	-999.00 	-999.00 	10.20 	229.80 	12.20 	308.00 	15.40 	239.9	15.2	241.8	7.7	246.1	15.7	284	18.2	290.6	20.6	310.3	30.8	318.7	31	318.1	40.8	333.7	53.4	348.3	69.1	358	90.4	1.2	90	359.9	101.8	5.3	101.8	7.6	106.7	9.3	99.1	3.9	100.1	4.8	92.4	358.8	90	4.1	86.8	0	75.5	357.1	73.1	5.1	64	0.2                                             -999.00 	-999.00 	-999.00 	-999.00 	
20130313	100000	-999.00 	-999.00 	35.10 	215.40 	17.90 	205.10 	16.50 	207.3	11.9	208.7	16.9	200	21	212.6	17.5	189.9	17.1	187	3.3	180	4.4	284.4	0.9	305.5	12.6	344.3	26	346.7	49.6	350.8	54.5	353.9	63.8	359.9	68.5	356.1	75.6	358.6	69.1	3.9	77	358.9	69.6	359.7	70.5	358.9	59.4	355.6	59	0	49.9	348.1	44.7	351                                   	-999.00 	-999.00 	-999.00 	-999.00 
20130313	110000	-999.00 	-999.00 	19.00 	334.80 	31.10 	317.70 	2.10 	207.8	15.7	299	12.5	300.9	10.8	244.9	15.1	257.8	16.4	248.1	16.4	261.9	11.5	265.5	14.3	285.8	11.8	276.8	18	279.3	17.6	301.8	14.3	299.3	15.5	339.2	8.2	349.5	13.6	19.4	17.3	356	19.8	10.5	18.9	18.1	33.1	359.3	31.3	5.5	41	358.9	44	5.2	55.1	352.3                         	-999.00 	-999.00 	-999.00 	-999.00 
20130313	120000	-999.00 	-999.00 	32.60 	161.60 	17.00 	160.80 	10.20 	143.8	7.3	119.4	7.3	113.4	1.8	137.3	3.6	77.1	3.2	154.2	5.2	197.7	6.9	260.8	9.3	207.7	9.8	227.5	4.4	247.5	11.4	255.2	22	257.1	19.4	275	17.8	279.4	15.9	278	21.5	270.5	22.3	254.1	19.5	274.7	28.2	278.6	29.4	271.2	27.2	254.9	23.3	266.8	27	259.1                                   	-999.00 	-999.00 	-999.00 	-999.00 
20130313	130000	-999.00 	-999.00 	47.80 	156.10 	49.10 	151.30 	47.50 	161.6	46.5	148.8	38.8	154.5	34	163.1	16.6	190.4	17.6	207.7	18.6	205.5	22.8	205.2	27.3	220.4	26.2	227	19.9	211.2	18.3	232.6	20.2	236.7	12.2	235.7	15.3	246.1	18.6	256.3	19	247.1	13.1	248.1	13.9	246.8	21.5	266.8	14.7	260.2	15.5	264.4	17	237.7	10.7	295.4               	-999.00 	-999.00 	-999.00 	-999.00 
20130313	140000	-999.00 	-999.00 	-999.00 	-999.00 	17.70 	202.90 	31.60 	166.3	36.7	175	76.7	158	66.3	164.7	58.4	164.7	51.9	165.3	55.5	166.9	46.3	162	34.8	161.7	32	152.2	32.1	157.8	21.5	162.7	20.4	150.3	16.8	156.2	16.1	185.4	12.9	243.2	18.1	227.7	19.3	232.6	13.7	222.3	17.4	231.3	10.2	270	15.8	287.6	21.8	249.9	13.8	258.7             	-999.00 	-999.00 	-999.00 	-999.00 
20130313	150000	-999.00 	-999.00 	-999.00 	-999.00 	47.40 	140.20 	35.50 	149.8	58.6	166.4	89.2	161.2	89.7	160.8	83.9	169.8	77	168.3	77	166.1	64.3	163.4	63.7	162.6	69.9	157.5	64	161.8	65.6	156.4	64.2	164.6	57.4	159.4	49.1	151.4	40.4	157.6	33.6	160.2	34.3	171.1	32.6	166	18.3	184.7	18.8	192.6	25.6	221.3	11.7	223.3	13.3	264.4           	-999.00 	-999.00 	-999.00 	-999.00 
20130313	160000	-999.00 	-999.00 	-999.00 	-999.00 	53.80 	148.50 	34.30 	137.7	58.1	173.5	79	173.1	88	168.5	81	162	86.7	159.5	81.9	158.5	75.4	156.1	67.9	155.4	55.8	160	51.8	165.3	36.8	157.5	24.9	146	17	159.6	13.5	183	12.3	243.4	7.2	245.6	14.2	274.4	13.9	285.8	23.2	263.3	21.5	257.9	22.7	249.7	26	256.2	36.3	254.5                       	-999.00 	-999.00 	-999.00 	-999.00 
20130313	170000	-999.00 	-999.00 	-999.00 	-999.00 	-999.00 	-999.00 	32.70 	185.4	39.2	177.1	64.8	166.7	71.8	157	47	158.4	43.3	152.3	27.5	173.3	16	151.7	6.7	132	7.5	172.3	2.4	143.6	14.4	357.6	8.6	6	16.8	13.8	16.4	26.4	9.8	346.4	13.1	320	9.5	263.3	11.9	223.6	8.6	228.3	17.5	239.8	26.2	225.8	32	230.7	31.4	235                               	-999.00 	-999.00 	-999.00 	-999.00 
20130313	180000	-999.00 	-999.00 	-999.00 	-999.00 	-999.00 	-999.00 	2.10 	215.2	27.6	179.8	49.4	172.4	58.9	166.3	49.2	154.1	32.3	140.8	28.6	138.1	24.4	142.7	12.7	101.3	4.5	74.4	8.4	271.4	18.1	280.5	13.7	296.4	27.2	300.2	23.8	283.3	35.9	280.4	31.1	285.9	24.3	270.9	18.1	266.2	17.8	262.2	11.2	283.4	4.1	219.1	16.5	275.6	8.9	287           	-999.00 	-999.00 	-999.00 	-999.00 
20130313	190000	-999.00 	-999.00 	-999.00 	-999.00 	67.30 	352.80 	56.20 	351.9	11.1	3.1	19.6	35.2	21.1	24.6	17	10.2	21.8	359.2	27.7	0	29.4	12.8	34.1	349.7	39	2.1	47.5	3.1	32.3	4.1	34.2	353.5	31.6	4.2	17.4	3.6	12.8	16.3	10.2	39	3.9	309.8	11.7	251.1	23.9	229.6	21	250.8	22.1	251.2	14.7	261.4	15.9	266.8                             	-999.00 	-999.00 	-999.00 	-999.00 
20130313	200000	-999.00 	-999.00 	-999.00 	-999.00 	109.50 	351.20 	57.70 	349.6	14.3	298.4	14.2	249.8	18	233.6	23.7	239.3	26.2	246.2	25.6	260.1	27.5	256.1	29	260.3	27.1	264.7	29	282.7	29.7	279.3	36.1	272.7	29.3	297.2	30.7	302.9	32.4	289.5	44.5	317.1	39.9	330.4	50.8	342	64.9	344.7	81.7	350.7	92.2	357	96.5	351.2	92.8	358.5             	-999.00 	-999.00 	-999.00 	-999.00 
20130313	210000	-999.00 	-999.00 	75.60 	349.90 	67.50 	346.80 	22.90 	308.6	22.9	276.5	21.5	283.7	27.4	271.7	28.7	283.5	24.6	290.2	40.3	301.1	38.7	308.2	56.6	321.8	53.4	323.6	75.3	338.1	82.2	340.3	96.6	347.7	105.8	345.8	107.7	351.8	104.9	354.7	103.2	357.6	94.4	356.7	83.7	359.7	82.7	1	75.5	357.2	69.2	0.4	62.7	351.6	59.9	356.3             	-999.00 	-999.00 	-999.00 	-999.00 
20130313	220000	-999.00 	-999.00 	43.00 	8.60 	34.30 	358.50 	29.70 	1.4	58.2	358.6	64.8	0.2	70	357.2	59.8	4.4	60	1.1	54.4	358.4	52	359.6	55.3	2.1	51.4	2.2	43.1	4.4	38.4	9.8	34.7	1.3	31.8	10.1	15.9	350.2	15.5	7	10.2	10.8	5.9	5.8	6.5	326.3	6.2	297.8	13.3	262.7	13.7	266.7	13.6	224.7	18.9	253.4                                             	-999.00 	-999.00 	-999.00 	-999.00 
20130313	230000	-999.00 	-999.00 	40.30 	348.80 	34.20 	359.80 	27.90 	354.7	39.8	6.5	42.8	6.3	36.2	10.8	45.2	12.4	39.3	5	31.1	353.7	31.3	357.6	32.5	356.6	33.3	1.9	34.9	345.7	29.5	342.1	23.3	347.1	20	1.4	22.1	319	23.2	337.2	21.7	316.3	16.9	322.9	21.8	304	24.7	291.6	23.9	286	21.1	279.8	28	272.3	27.9	265.5                             	-999.00 	-999.00 	-999.00 	-999.00 
20130314	00000	-999.00 	-999.00 	19.90 	349.90 	13.50 	335.50 	14.20 	0.8	16.3	44.8	17.6	39.2	21	26.6	13.4	48.3	21.8	70.2	12.7	72.1	10.1	73.3	10.9	60.8	6.5	143.1	4.5	228.6	12.1	321	9.2	308.9	13.5	322.5	16.2	318.3	8.4	323.3	18.7	307.6	14.8	302.8	15.5	291.1	10.6	298	4.4	305.8	11.2	276.7	17	256.1	13.2	268.7                             -999.00 	-999.00 	-999.00 	-999.00 	
20130314	10000	-999.00 	-999.00 	49.10 	160.90 	43.70 	165.30 	42.10 	154.7	43.5	145.8	42.1	148.5	36.6	156.2	16.7	181.7	15.9	189.4	20.3	209.5	12.1	213.2	16.6	221.1	19.3	223.9	21.3	236.7	19.9	236.7	19.7	228.7	20.8	250.3	24.3	252	26.5	237.3	26.7	261	24.4	245	30	268.3	24.3	263.1	21.7	270	21.9	284.3	23.2	274.2	17.3	280.7                   -999.00 	-999.00 	-999.00 	-999.00 	
20130314	20000	-999.00 	-999.00 	-999.00 	-999.00 	61.50 	165.60 	48.80 	168.4	49.4	171.3	71.1	167.7	64.1	165.9	57.3	169.9	52.4	169.1	48.3	173.1	38.2	177.6	36.6	161.5	46.1	175.5	32.6	189.2	30.1	183.2	30.2	172.4	17.8	181	22.7	196.4	21.5	194.3	22.1	209.6	10.9	225	7.3	199.2	11.1	226.8	14.3	258.3	12.9	283	16.5	282.3	15.4	282.4             -999.00 	-999.00 	-999.00 	-999.00 	
20130314	30000	-999.00 	-999.00 	-999.00 	-999.00 	85.70 	157.30 	80.10 	155	47.4	165.5	96.3	161.8	88.5	163.2	88.4	163.2	78.4	161.6	80.1	162.6	62.9	160.1	64.6	151.8	47.8	157.6	41.3	156.8	44.6	158.6	40.9	157.3	35.3	163.7	41.3	153.4	28.4	165.1	26.4	160.1	28.4	184.4	22.7	187.3	21.3	202.6	17	199.9	28	212.3	19.2	248.6	25.1	254.5           -999.00 	-999.00 	-999.00 	-999.00 	
20130314	40000	-999.00 	-999.00 	-999.00 	-999.00 	102.50 	162.50 	92.30 	161.3	62.6	163.6	97.4	164.2	95.1	164.5	76.3	160.9	73.5	159.5	75.9	154.7	69	156.4	64.9	158	66.4	148.9	61.3	150.6	55.9	154.3	63.2	156.8	51.8	153.3	44.5	150.4	47.7	159.1	43.7	159.4	40	154.2	30.2	156.6	27.7	158.2	15.1	204.2	10.3	168.3	10.8	226.9	12.7	244.2           -999.00 	-999.00 	-999.00 	-999.00 	
20130314	50000	-999.00 	-999.00 	-999.00 	-999.00 	125.00 	167.20 	118.40 	170	101.1	180.8	92.4	176.3	113.3	165.6	99.3	160.5	88.3	154.1	82.4	151.3	79.9	146.1	67.3	139.7	61	137.4	53.3	133.3	50.4	129.7	52.2	131.3	37.1	126.3	33.2	139.4	36.1	148.4	23.7	164.1	25.5	203.3	15.6	224.5	18.8	235.6	23.4	245.5	25.7	258.8	30.2	267.5	49.1	264.7         -999.00 	-999.00 	-999.00 	-999.00 	
20130314	60000	-999.00 	-999.00 	-999.00 	-999.00 	132.10 	168.70 	108.50 	168.7	74.8	175.7	57.1	165.1	68.2	147	68.6	140.4	59.4	140.1	53.5	138.3	44.8	139.5	32.6	136.4	22.1	133	6.7	134.4	12.3	260.6	16.4	287.8	25.5	273.1	33.3	279	31.6	278	32.7	272.3	37.8	278.4	34.2	275.4	36.7	271.4	34.2	271.3	25.7	261.3	26.8	260.3	20.2	275.4               -999.00 	-999.00 	-999.00 	-999.00 	
20130314	70000	-999.00 	-999.00 	-999.00 	-999.00 	89.50 	177.30 	64.30 	177.5	12.9	125.5	15.4	60.4	12.6	33.7	19.3	15.6	15.5	5.2	19.8	356.2	27.3	6.7	25.4	359.6	30.3	353.4	33.3	2.8	35.7	11.3	27	17	19.3	356.4	14.2	347.4	12.1	347.1	4	345.6	0.9	130.6	4.6	248.4	7.8	255.1	5.5	233.1	15.7	257.9	23.2	253.8	26.5	282.2                           -999.00 	-999.00 	-999.00 	-999.00 	
20130314	80000	-999.00 	-999.00 	-999.00 	-999.00 	43.60 	247.80 	26.10 	217.5	6.3	246.7	12.7	236.6	15.7	203.6	17.2	225.2	10.8	181.1	15.7	197.9	13.3	218	14.1	230.2	10.3	230.1	11	306.1	13.6	294.9	18.1	338.7	18.1	327.6	36.9	347	51.2	343.6	54.6	337.3	66	342.4	65.2	337.9	65.7	347.7	73.6	348.9	80.1	359.2	82.9	356.5	84.7	1.8                 -999.00 	-999.00 	-999.00 	-999.00 	
20130314	90000	-999.00 	-999.00 	85.40 	280.10 	62.10 	285.20 	28.50 	281.9	18.9	275.5	10.2	263.2	14.6	256.9	10.8	272.1	20	274.6	14.7	256.3	18.9	282.5	17.3	312.2	25.8	312.3	32.7	333.9	46.9	335.5	61.7	345.9	73	351.6	87.1	352.6	93.8	355.6	100.5	357.6	96.6	356.2	103.3	1.7	90.6	357.2	93.8	355	82.3	356.4	80.4	354.8	70.7	352.6                 -999.00 	-999.00 	-999.00 	-999.00 	
20130314	100000	-999.00 	-999.00 	96.40 	284.40 	83.70 	286.60 	16.90 	273.1	37	278.4	28.4	276.3	21.7	278.2	29.7	275.4	37.8	276.5	34	277.1	32.9	279.8	31.8	288.3	24.7	288.7	33.2	300.4	38.3	315.3	39.7	324.4	54.4	349.7	68.6	350.4	91.2	357.6	94.1	5.1	97.4	2.4	92	359.8	84.9	4.7	85.7	1	77.8	358.5	73.5	358.2	69.8	350.1                       	-999.00 	-999.00 	-999.00 	-999.00 
20130314	110000	-999.00 	-999.00 	90.10 	290.10 	67.70 	293.00 	23.30 	301	18.2	269.7	15.7	264.5	15.8	278.8	23.7	264.7	17.3	265.4	13.9	279.5	24	276	24.2	274.3	21.9	296.6	28.7	309.9	34.6	340.6	53.5	359.1	72.3	359.3	71.2	2.6	71.9	3.9	72.1	354.8	68.3	359.7	65.3	3.5	60.2	355.7	58.6	1.4	50.9	359	53.1	359.9	49.9	357.7                       	-999.00 	-999.00 	-999.00 	-999.00 
20130314	120000	-999.00 	-999.00 	80.00 	287.90 	58.00 	291.50 	26.80 	318.3	17.8	323	16.7	329	15.9	350.9	11.1	311.7	13	324.1	9.7	292.4	8.2	296.9	3.8	296.6	3.4	29.5	2.8	250.9	10.8	63	13.7	78.2	13.2	45.9	21.1	42.7	18	38.5	22.5	4.8	23.5	4.2	20.2	9.7	29.9	6	25.3	357.1	38.1	0.8	40.2	4.7	35.9	357.6                                         	-999.00 	-999.00 	-999.00 	-999.00 
20130314	130000	-999.00 	-999.00 	64.20 	264.60 	40.90 	278.10 	13.90 	306.8	24.9	303.7	15.4	331.8	16.9	313.3	9.1	343.4	3.8	305.4	2.6	54.5	12	37.9	6.7	12	6.7	36.5	6.7	19.3	14.5	19.3	12.5	32.9	10.3	31.1	10.3	55.2	10.6	28	14.4	43.3	9.4	54.1	4.4	62.9	5.2	110.2	4.9	88.8	16.9	353.9	9.5	19.8	11.5	279.5                                   	-999.00 	-999.00 	-999.00 	-999.00 
20130314	140000	-999.00 	-999.00 	69.60 	205.60 	53.20 	219.10 	39.50 	181.3	39.9	161.3	45.5	164.2	42.1	178.2	31	181.7	22.4	182.6	9.2	203.8	14.2	212.9	16.4	197.4	15.6	209.2	20.3	214.9	15	216	22.4	188.8	17.2	208.1	15.6	203	22.7	194.5	17.4	187.9	19.8	232.4	18.9	234.9	14.1	264.7	16	264.3	18.3	262.4	18.5	276.2	25.7	262.4                   	-999.00 	-999.00 	-999.00 	-999.00 
20130314	150000	-999.00 	-999.00 	-999.00 	-999.00 	68.40 	199.40 	59.30 	173.7	70.8	172.4	68.7	167.7	63.6	172.1	67.2	166.5	63	174.4	68.8	169.9	56.8	166.6	53.8	172.9	44.3	162.6	43.5	162.7	48.1	167.5	47.2	159.5	43	164.5	40.4	164.9	36.4	172.9	31.1	193.8	22.8	194.5	21.4	180.5	26.4	179.8	12.7	192.7	10.6	173.5	9.6	226.7	10	229.5           	-999.00 	-999.00 	-999.00 	-999.00 
20130314	160000	-999.00 	-999.00 	-999.00 	-999.00 	92.70 	202.40 	84.30 	185.3	80.2	179.9	83.6	169.1	86.2	166.3	98.1	158.9	83.4	158.8	73.5	161.2	74.8	156.6	78.7	148.1	68.3	152.2	62.9	153.2	58	152.5	51.2	156	55.7	157.1	37	164	41.8	151.4	39.2	149.5	31.1	161.8	26.7	165	22.4	167.9	20.6	180.6	24.7	166.6	14.4	160.1	8.2	217.6               	-999.00 	-999.00 	-999.00 	-999.00 
20130314	170000	-999.00 	-999.00 	-999.00 	-999.00 	115.00 	202.40 	90.00 	188.2	102.9	175.1	101.3	162.1	95.4	160.7	80.3	156.7	78.4	156.9	71.1	152.4	68.3	149.2	64.2	154.6	58.9	136.2	51.9	140.2	53.5	143	45.4	144.1	32.7	149.1	32.3	157.4	24.7	182.6	24.7	204.4	22.5	206.1	17.2	225.2	23.7	265.2	22.6	271.5	32.6	288.6	35.4	293.8	46.9	288.9     	-999.00 	-999.00 	-999.00 	-999.00 
20130314	180000	-999.00 	-999.00 	-999.00 	-999.00 	106.90 	215.40 	90.70 	206	70.4	196.7	86	179	76.3	168.6	70.2	168.2	66.6	155.1	61.8	152.3	56.2	147.9	53	134.9	45.7	133.8	32	133.7	25	134.2	14.5	141.7	1.5	97.6	6.7	265.7	20.6	263.9	25.3	237.8	37.9	269.9	47.8	280.5	48	289.4	51.6	275	51.6	269.2	54	274.6	57	271.5                           	-999.00 	-999.00 	-999.00 	-999.00 
20130314	190000	-999.00 	-999.00 	-999.00 	-999.00 	83.20 	235.00 	55.40 	233.4	22.9	203.7	14.4	184.8	17.3	176	2.2	172.2	5.6	22.9	12.2	4.7	6.6	43.1	1.3	231.3	2.8	332.5	11.1	318.7	12.4	279.3	19.7	299.4	9.4	297.1	14.6	289.2	14.7	293.3	10.8	276.4	7.2	277.2	7.2	290.5	10.8	256.6	2.3	270	5.7	237.1	7.1	275.6	5.4	48                                    	-999.00 	-999.00 	-999.00 	-999.00 
20130314	200000	-999.00 	-999.00 	-999.00 	-999.00 	58.40 	284.70 	25.80 	299.4	19.1	0	31.7	9.1	26	6.4	30.8	0.4	31.7	339.9	37.6	339	35.9	345	44.1	325.2	45.4	342.7	50.8	330.7	39.1	332.1	39.4	330.6	35.3	327.6	21.9	325.8	22.3	334.5	15.9	318.3	20.4	291	15.8	272.5	9.1	284	15	269.2	11.2	258.2	15.9	271.1	10.7	304.3                           	-999.00 	-999.00 	-999.00 	-999.00 
20130314	210000	-999.00 	-999.00 	18.10 	341.00 	34.30 	348.60 	17.20 	338.8	12.6	284.3	11.3	306.4	7.9	278	9.7	227.1	3.5	211	12.6	318.9	12.2	294.7	13.8	327.5	20.2	315.8	21.1	336.8	20.9	314.4	30	323.7	29.1	323.1	35.1	334.7	34.9	333.3	35.6	354.9	38.8	355	44.3	349.7	58.9	342	62	350.6	63.9	348.8	73.1	348.1	70.7	353.2                         	-999.00 	-999.00 	-999.00 	-999.00 
20130314	220000	-999.00 	-999.00 	51.20 	273.10 	33.90 	281.70 	13.10 	263	14.6	251.7	17.6	233.1	9.2	230.3	10.1	213.7	9.8	262.9	7.8	330.8	13.6	347.7	17.4	311.7	31.1	335.9	29.1	356.1	36	0.2	38.8	350.1	44.8	355.6	53	345.3	59.5	350.1	67.4	350.1	80	352.5	88.9	358.9	81.5	359	87.7	359.2	80.4	359.2	75.3	359.1	64	359.5                           	-999.00 	-999.00 	-999.00 	-999.00 
20130314	230000	-999.00 	-999.00 	72.40 	287.20 	34.10 	289.70 	13.60 	296.8	14.5	259.2	10.3	257.7	25.4	272.7	26.9	292.9	24.2	285.6	38.8	315.9	41.1	322.5	40.4	333.2	44.6	337.8	47.2	350.5	63.5	346	79.4	357.7	96.1	3.3	88.4	3.5	82	358.8	82.1	357.7	78.4	358.8	67.9	1.9	73.5	358.6	67.7	357.3	60	354.4	57.4	359.7	45.9	357.9                   	-999.00 	-999.00 	-999.00 	-999.00 
20130315	00000	-999.00 	-999.00 	80.50 	290.60 	46.60 	317.00 	39.80 	2.6	52.4	4.3	42.1	7	49.1	8.8	36	359.8	38.3	1.2	36.2	7.1	31.2	2.9	32.6	0.9	29.1	2.2	28.1	349.5	25.2	342.2	32.8	353.5	22.1	340.8	19.4	344.5	18.5	334	15.5	321.8	10.1	5.7	4	306.9	17.7	297.3	17.6	286.9	13.8	267.9	20.5	280.4	16.6	248.8                                       -999.00 	-999.00 	-999.00 	-999.00 	
20130315	10000	-999.00 	-999.00 	52.70 	277.30 	16.10 	296.60 	19.50 	5.6	18.5	12.8	18.9	40.5	18.1	25.1	14.5	10.3	25	12.3	23.6	6.3	17	349.1	17.4	356.4	19.9	11.3	13.2	353.9	11.8	344.8	12.3	2.8	6	15.4	6.3	297.4	14.5	275.2	10.4	238	8.7	285.9	17.1	270	16	247.1	23	274	21.3	274.3	24.2	276.6	19.5	264.1                                     -999.00 	-999.00 	-999.00 	-999.00 	
20130315	20000	-999.00 	-999.00 	69.50 	218.10 	44.90 	205.20 	29.20 	145.9	34.3	148.9	28.5	151	20.9	176.4	22.7	160.2	12.7	183.2	16.4	189.8	18.5	224.3	13.7	221.5	9	211.4	12.1	248.1	12.9	256.5	13.2	259.1	15.1	241.1	17.6	234.9	21.9	254.6	24.4	251.3	19.2	247.7	17.8	245.4	21.5	253.8	30	261.4	26.8	241.2	29.2	251	28.6	250.8                   -999.00 	-999.00 	-999.00 	-999.00 	
20130315	30000	-999.00 	-999.00 	96.40 	207.70 	82.80 	197.40 	68.30 	170.7	68.8	160.4	75.8	154.9	70.2	160.5	66.8	161.2	57.2	173.7	53.9	163.7	51.1	167.9	47.6	166.8	39.1	167.1	46.7	177.6	35	172	34.7	174.2	40	179.4	33.3	176.7	28.6	184.4	20.7	180.3	29.1	210.1	20.3	211.9	14.7	227.8	18.1	254.7	19.1	254.8	15.9	267.1	14.2	261.1               -999.00 	-999.00 	-999.00 	-999.00 	
20130315	40000	-999.00 	-999.00 	-999.00 	-999.00 	75.00 	195.90 	79.80 	167.2	72.2	169.5	109.5	162.4	103.4	161.3	89.3	162.5	85.6	160.3	78.1	161.2	77.8	157.4	66.6	156.1	68	158.8	59.9	152.2	56.8	159.7	55.9	160.9	54.3	164.7	49.1	161.9	49.5	158.8	45.2	164.2	47.1	164.5	35.2	185.1	37.3	182.3	29.7	206	29.2	227.4	28.3	241.7	22.3	234.7         -999.00 	-999.00 	-999.00 	-999.00 	
20130315	50000	-999.00 	-999.00 	-999.00 	-999.00 	86.70 	202.10 	84.60 	195.1	69.3	192.8	107.4	169.5	104	164.4	93	159.5	82.8	163.1	67.2	153.2	65.4	147.3	55.5	143.9	39.9	140.1	41.9	126.2	41.3	128.6	29.5	113.8	33.5	120.9	21.6	117.3	19.7	114.2	21.5	130.7	18.8	144.5	16.8	154.2	14.3	160.4	17.3	173	16.3	234	23.2	246.1	22.3	274.4             -999.00 	-999.00 	-999.00 	-999.00 	
20130315	60000	-999.00 	-999.00 	-999.00 	-999.00 	108.20 	212.10 	93.20 	206.5	66.4	175.3	79.2	162.6	75.5	159.6	66.3	140.9	64	137.5	60	139.3	49.7	136.4	47	135.6	35.1	125.1	26.7	119.8	17.6	124.1	3.2	158.2	11	207.5	15.5	196.9	5	168.5	20	217.7	13.7	238.2	26.7	255.2	35.5	262.6	50.8	272.7	48	271.9	50.6	282.6	50.1	285.3                       -999.00 	-999.00 	-999.00 	-999.00 	
20130315	70000	-999.00 	-999.00 	-999.00 	-999.00 	76.20 	246.20 	56.50 	233.8	11.6	177.5	17.3	158.6	18.9	143.2	22	121.5	16.6	66.5	17.4	22.3	11.6	42.9	13.5	37.8	12.2	38.4	5.8	327.7	6.1	349.6	11.7	298.1	13.4	281.6	12.2	267.2	20.2	284.9	18.1	280.5	17.4	271.3	26.5	273.2	23.8	268.3	20.7	275	12.2	258.1	10.9	275.8	16.7	300.6             -999.00 	-999.00 	-999.00 	-999.00 	
20130315	80000	-999.00 	-999.00 	66.30 	287.90 	62.50 	295.80 	20.10 	292.9	21.7	334.9	24	311.1	24.7	319.9	29.1	314.4	30.5	318.9	37	316.4	32.2	323.6	30.1	318.1	31.7	318.1	21.1	312.7	15.7	301.5	16.6	276.6	24.1	276.9	27.6	268.8	25	253	17.7	241.7	20.4	241.9	23.6	234.3	21.9	238.3	26.1	240.6	21.6	253.8	29.1	261.5	19.7	269.4                 -999.00 	-999.00 	-999.00 	-999.00 	
20130315	90000	-999.00 	-999.00 	54.90 	262.10 	47.70 	277.20 	13.70 	255.7	12.2	321	9.6	320.5	14.4	274	15.1	257.4	16.1	264.3	9.4	251.4	9	222.8	12.5	222.1	11	243	10.4	246.9	18.6	269.7	23.3	276.4	26.7	282.5	26.4	271.3	23.7	295.7	30.9	331.8	26.4	331.5	36.4	326.9	47.8	342.9	61.6	343.3	65.2	346.2	78.4	351.6	80	0                               -999.00 	-999.00 	-999.00 	-999.00 	
20130315	100000	-999.00 	-999.00 	14.00 	316.20 	12.70 	356.40 	5.10 	218.7	6.9	235.6	6.3	276.3	18.7	261.4	16.4	271.8	20.7	266.4	16	284.1	21	276.3	19.9	288.2	12.1	282	12.2	313.7	12.1	339.6	16.2	328.4	17	3	17.9	1.3	34.7	6.5	39.9	8.1	45.9	359.9	49.9	3.3	64.5	11.4	68.3	0.4	73.9	1.6	78.4	356.5	75.5	352.9                                     	-999.00 	-999.00 	-999.00 	-999.00 
20130315	110000	-999.00 	-999.00 	47.40 	260.80 	25.50 	251.00 	10.50 	279.9	17.5	259.1	20	280.4	22.7	245.8	20.4	255.6	25.6	257.6	22.6	264.4	11.3	259.8	7.6	229.8	13.1	266.9	12.2	247.4	13.8	171.7	5.2	134.2	8	344.1	19.4	0	31.5	15.9	28.3	355.5	42.7	358.4	40.2	0.4	49	354.3	59.3	353.3	60.2	355.8	66.2	348.6	60.8	350.2                         	-999.00 	-999.00 	-999.00 	-999.00 
20130315	120000	-999.00 	-999.00 	7.90 	286.80 	12.60 	282.80 	13.70 	291.9	17.1	321.6	16.7	294	10.8	310.9	13.4	293.3	6.5	273.5	10.7	208.9	2.2	201.8	8.7	196.8	7	227.9	15.7	281.4	16.5	280.1	3.2	321.3	9.5	0.6	7.3	356.1	2.2	320.5	8.3	36.2	13.7	5.9	21.6	352.3	28.3	3.6	33.9	352.2	44.1	3.6	53	0.9	54.8	354.6                                           	-999.00 	-999.00 	-999.00 	-999.00 
20130315	130000	-999.00 	-999.00 	61.20 	66.70 	28.30 	66.90 	6.80 	246.5	6.9	291.3	6.6	273.5	9.5	306	10.4	272.2	2.3	2.5	12.1	248.1	7.9	223.4	15	223.4	16.9	231.5	18.1	222.8	17.5	216.4	26.9	208.7	21.3	210.4	17.4	204.1	23.1	230.3	16.9	214.6	19.9	189.8	11.4	205.9	16.6	208.9	16.9	167.4	14.2	182.8	17.7	175.8	10.1	154.7                         	-999.00 	-999.00 	-999.00 	-999.00 
20130315	140000	-999.00 	-999.00 	25.90 	125.90 	30.60 	156.10 	31.80 	171.5	43.4	174.1	28.7	171	24.8	179.3	17.2	210.4	17.3	192	18	204.6	20	206.4	18.3	219.7	17.1	211.8	15.8	222.9	15.6	216.9	13.8	217.9	19.1	217.8	20.5	228.6	9.9	239	11	239.5	13.5	227.7	12.2	226	8.8	232.9	12.1	258	15.7	236.7	16.4	266.2	25.5	279.5                           	-999.00 	-999.00 	-999.00 	-999.00 
20130315	150000	-999.00 	-999.00 	35.10 	175.60 	26.30 	175.80 	24.40 	156.3	44.1	159.8	53.1	143.7	53.9	144.8	57.6	154	58.4	150.9	52.6	152.8	55.3	160.7	58.9	158.5	57.3	167.7	48.4	168.3	47.8	163.5	43.6	170.4	43.7	170.8	40.3	172.6	36.5	184.9	28.4	174.2	26.2	190.3	23.6	194.5	21.6	199.2	21.1	213.8	23	202.5	18.1	205.6	20.7	219.3           	-999.00 	-999.00 	-999.00 	-999.00 
20130315	160000	-999.00 	-999.00 	-999.00 	-999.00 	44.30 	121.90 	44.10 	144.3	64.3	154.2	86.5	151.9	66.9	141.4	72.7	151.5	66.4	149.9	62.8	153.5	66.8	156.9	69.2	146.6	60	154.1	65.4	157	66.5	157	63	157.2	55.2	163.3	55.3	162.4	41.2	157	39.7	171.6	31.7	151.3	23.2	173.3	27.9	179.4	25.4	184.7	19.3	219.5	10.1	267.2	16.3	254.3             	-999.00 	-999.00 	-999.00 	-999.00 
20130315	170000	-999.00 	-999.00 	-999.00 	-999.00 	57.00 	145.10 	68.70 	150.9	59.1	168.1	114	161.1	120.8	157.4	107.1	156.3	87.1	151.8	75.8	157.7	50.1	154.6	50.4	144.6	37.3	138.4	26.5	132.6	33.6	121	27.1	118.9	23.1	106.6	27.3	107.5	24.8	121.6	29.7	126.6	22.6	144.9	25.8	153.7	14.9	164	22.2	214	13.2	179.6	12	232.5	16.2	258.6             	-999.00 	-999.00 	-999.00 	-999.00 
20130315	180000	-999.00 	-999.00 	-999.00 	-999.00 	65.30 	148.50 	67.40 	151.1	81	169.8	101.3	165.8	98.8	163.9	95.2	157.6	85.6	156.1	76.8	160	65.1	143.6	66.8	141.1	62.9	141.1	63.1	137.7	65.6	142.2	61.3	141.1	56.4	146.4	52.4	144.8	36.3	156.6	31.4	156.5	37.5	157.4	27.6	163.3	17.6	170.2	13	232.2	21.9	261.9	36.9	267.5	41.1	270.8         	-999.00 	-999.00 	-999.00 	-999.00 
20130315	190000	-999.00 	-999.00 	-999.00 	-999.00 	48.20 	204.10 	40.60 	202.9	47.7	170.8	61.2	163.2	61.4	143.9	58.4	144.1	53.6	144.2	51.8	135.7	54.1	137.7	41.6	141.5	44.6	136.9	33.3	144.4	21.1	148.2	21.4	194.9	19.4	204.3	16.5	229.7	11.2	209.3	25.2	258.6	31.3	257.1	42.2	263.3	42.1	279	40.7	273.2	37.5	260	38.2	255.3	39.2	258.2       	-999.00 	-999.00 	-999.00 	-999.00 
20130315	200000	-999.00 	-999.00 	-999.00 	-999.00 	4.50 	338.00 	7.70 	64.8	17.3	179	13.2	155.4	15.2	89.6	25.7	60.3	29.5	46	24.5	28.8	29.3	17.1	24.7	11.2	10.7	32.4	6.9	12.6	17.2	302.7	21.5	298.9	21.7	291.6	11.3	256.2	6.6	282.1	7.9	10.9	11.9	283.6	6.9	231.5	3.1	253.3	2	258.7	3.8	264	7.3	154.8	1.7	324.5                                 	-999.00 	-999.00 	-999.00 	-999.00 
20130315	210000	-999.00 	-999.00 	-999.00 	-999.00 	70.50 	329.80 	48.10 	335.8	15.3	38.4	26.6	31	36.8	33.1	44.6	22	41	19.2	46.4	20.7	58.6	16.1	64.4	4.3	65.1	359.8	59.5	356.4	51.1	358.3	43.2	349.1	39.8	339.2	30.9	333.7	13.6	308.1	22.8	307.5	19.8	272.9	16.1	262.9	24.2	259.8	24.1	282.2	22.8	272.5	26.2	252.3	26.8	251.7           	-999.00 	-999.00 	-999.00 	-999.00 
20130315	220000	-999.00 	-999.00 	32.40 	347.30 	29.10 	350.90 	13.80 	282.1	14.9	295.4	26.6	330.6	29.3	328.1	28	354.3	20.6	332.8	33	343.4	44.3	341.9	48.3	335.6	44.8	338.1	58.2	337.1	53	350.9	61.7	356.3	54.1	357.2	52.8	1.8	51.5	0.5	59.8	0	56.7	358.7	50	356.7	33.8	354.2	29.5	358.8	31.2	345.7	27.8	326.9	19.2	313.5                       	-999.00 	-999.00 	-999.00 	-999.00 
20130315	230000	-999.00 	-999.00 	15.90 	356.40 	19.60 	327.70 	12.30 	310.4	6.5	256.6	8.2	294.4	6.5	241.5	6.4	260.1	15.8	252.7	9.7	231.3	7.2	234.6	4	251.1	13.2	266.5	13.6	259.9	15.5	277	14.5	283.6	10.3	341.9	14.7	2	27.4	358.5	37.2	1.7	46.1	1.4	46.6	355.6	59.6	355.6	55.9	2.5	71.3	2.9	76.1	1.1	78.8	0.5                                         	-999.00 	-999.00 	-999.00 	-999.00 
20130316	00000	-999.00 	-999.00 	42.80 	277.10 	26.30 	317.50 	19.10 	299.8	15.9	325.5	13.6	294.3	8.9	224.1	13.8	244.2	23.7	206.8	20.8	213.2	18.4	248.6	19.8	230.8	15.6	259.3	20.5	285	20.7	271.4	15.4	292.9	11.9	286.1	13.6	320.9	21.8	330.6	23.7	347.8	28.8	345.9	35.9	1.1	49.8	358.7	47.1	2.4	61.7	355.7	61.3	0.4	66.2	354.1                   -999.00 	-999.00 	-999.00 	-999.00 	
20130316	10000	-999.00 	-999.00 	35.10 	225.60 	12.60 	185.00 	2.10 	112.8	5	325.7	11.7	356.1	15.2	318.5	15.5	285.7	14.5	294.1	14.5	298	13.5	270.4	7.2	306.6	8.1	260.1	1.1	232.1	8.4	171.1	6.5	192.5	10.3	119.5	13.9	92.9	11.6	110.6	18.7	103.3	11.9	91	8.2	79.5	9.4	353.3	20.4	26.2	17.5	26.9	20.7	9.2	21.4	353.3                                   -999.00 	-999.00 	-999.00 	-999.00 	
20130316	20000	-999.00 	-999.00 	60.90 	226.00 	46.60 	211.40 	13.60 	173.7	7.3	131.1	10.3	160.2	2	126.9	7	277.4	4.7	221.5	3.6	285.9	7.2	220.5	13.7	285.3	13.6	288.8	10.6	284.8	11.9	281.1	15	250.5	9.8	254.5	21.3	265.7	20.8	273.6	22.2	264.3	16.5	276.3	21.6	259.3	26	273.3	20.1	261.4	24.7	259.7	21	273.3	22.4	274.4                                 -999.00 	-999.00 	-999.00 	-999.00 	
20130316	30000	-999.00 	-999.00 	60.10 	191.00 	63.10 	195.70 	30.60 	179.6	28.2	180	30.7	155.4	23.6	155.7	17.4	152.3	7.4	173.8	6.5	106.2	15	170.4	10.9	187.9	15.2	198	9.4	193.6	15.1	204.2	5	137.4	6.5	173	10.9	233.6	10.4	203.8	12.7	222.1	19.4	207.6	19.6	215.5	24.5	213.2	26.6	213	18.6	216.7	18.4	235.6	18.2	227                                 -999.00 	-999.00 	-999.00 	-999.00 	
20130316	40000	-999.00 	-999.00 	-999.00 	-999.00 	79.30 	171.60 	59.20 	169.8	31.8	166.8	55.5	147.3	48.6	145	45.4	150.2	49	148.6	45.7	151.5	41.7	159.2	43.5	153.5	39.8	153.9	33.6	162.3	30	175.8	27.8	193.5	22.9	193.9	18.7	210.1	18.8	199.9	17.7	240.1	27	246.5	22.4	239.1	27.1	231.7	28	239.9	18.9	257.5	24.5	266.5	25.3	273.6               -999.00 	-999.00 	-999.00 	-999.00 	
20130316	50000	-999.00 	-999.00 	-999.00 	-999.00 	65.90 	203.10 	63.70 	192.1	46.9	191.4	75.7	173.6	78.2	172.1	76.9	164.5	75.1	161.9	77.9	159.6	72	156.2	76.9	146.9	70	140.5	65.6	139.8	51.1	135.6	44.3	135.2	38.3	146.1	22.7	155.8	7.9	188	9.3	208.2	15.3	190.1	18.7	154.4	18.9	159.6	30.5	165	35.2	163.7	37.5	181.1	34.7	182.3                 -999.00 	-999.00 	-999.00 	-999.00 	
20130316	60000	-999.00 	-999.00 	-999.00 	-999.00 	85.80 	216.30 	74.50 	217.4	45.4	192.3	78.4	175.6	75	164.1	75.1	162.2	72.7	155.4	63.3	148.8	57.3	145.4	60.7	146.2	50.4	145.7	46.9	148.9	47.1	145.7	44.3	150.3	41.9	150.9	40.9	154.2	27.6	174.4	34.4	183.7	19.1	192.1	24.8	218.9	23.5	233.5	42.9	253.2	47.8	267	61.5	274.9	69.1	277.6         -999.00 	-999.00 	-999.00 	-999.00 	
20130316	70000	-999.00 	-999.00 	-999.00 	-999.00 	101.00 	225.40 	79.10 	213.7	62.4	182	59.8	163	51.3	160.7	45.6	158.3	40.1	147.7	36.4	153.8	27.7	158	21.9	187.9	8.3	254	11.3	240.3	17	262.2	19.8	278.7	26.1	286.2	14.6	279.5	13.6	250.6	11.3	278.1	6.3	259.1	6.3	258.2	3.4	286.9	6.4	333	4.2	233.7	10.5	231.9	13.2	208.5                             -999.00 	-999.00 	-999.00 	-999.00 	
20130316	80000	-999.00 	-999.00 	-999.00 	-999.00 	95.60 	243.50 	63.70 	235.3	7.4	225.6	8.6	225.9	17	319.6	20.6	308.1	19.9	327.5	19.4	325.7	20.1	325.8	18.5	337.7	23.5	343.7	22.3	329.3	17.4	342.3	16.4	320.2	14.7	295	12	316.7	12.9	268.7	14.9	282.4	5.7	312.1	8.3	302.7	10.8	291.1	12.7	293.1	8.6	250.3	6.7	249.9	5.6	224.3                         -999.00 	-999.00 	-999.00 	-999.00 	
20130316	90000	-999.00 	-999.00 	81.90 	282.30 	58.20 	283.50 	24.80 	312.9	30.4	340.6	35.3	325.5	45.2	325.4	35.9	317.4	40.8	319.4	36	320.3	37.4	317.8	35.7	323.8	24.8	321.4	22.6	338.2	24.7	320.8	15.7	329.4	20.7	308.9	12.2	290.1	3.9	268.5	5.5	286.8	16.1	290.4	14.3	270	18.3	243.7	21.2	245.5	21.2	239.1	22.2	259.1	21.1	254.3                 -999.00 	-999.00 	-999.00 	-999.00 	
20130316	100000	-999.00 	-999.00 	76.30 	284.20 	57.70 	316.30 	34.00 	308.8	31.1	281.1	33.8	280.2	38.3	288.1	39	278.7	33.9	272.2	29.8	261.7	29.6	266.9	26.5	263.7	25.2	268.4	23.9	287	14.6	290.4	25	304.1	25.7	315.6	28.6	336	33.9	346.9	39.1	350.7	38.5	350.1	52.8	355.1	65.7	2.2	75.8	355.8	88.2	357.9	95.4	0.2	94	356.3                     	-999.00 	-999.00 	-999.00 	-999.00 
20130316	110000	-999.00 	-999.00 	53.60 	332.30 	39.40 	332.80 	14.50 	283.6	21.4	275.6	29.3	239.8	27.4	239.5	22.1	242.9	22.7	240.7	23.2	209.7	22.1	237.4	33.5	237.7	21.4	217	23.1	213.9	23.6	194.5	22.1	174.6	20.1	157.1	17.2	60.5	31	29.1	42.1	9.7	58.3	11.8	63.1	5.1	73.1	2.7	80.8	5	80.2	356.4	79.6	358	77.5	356.9                       	-999.00 	-999.00 	-999.00 	-999.00 
20130316	120000	-999.00 	-999.00 	101.10 	316.00 	74.20 	326.60 	21.10 	300.2	9.7	238.1	9.9	215.9	14	175.9	19.2	175.8	14.2	162.8	14.4	156.6	7.2	122.6	4.6	328.4	2.8	289.1	7.5	344.5	15.7	292.8	22.3	322.8	27.3	328.4	23.7	0	27.6	10	24.7	358.8	34.7	353.4	46.5	354.7	49.9	354.8	57.2	357.1	57.9	358.5	50.8	352.8	56.8	346.4                           	-999.00 	-999.00 	-999.00 	-999.00 
20130316	130000	-999.00 	-999.00 	87.60 	308.30 	61.40 	312.40 	10.30 	327.7	10.9	333.9	13.5	301.7	14.1	313.6	7.8	300.8	9.8	242.1	12.2	243.7	6.8	195.3	10.6	240.1	5.7	258.9	11.1	219.9	7.2	199.4	5.9	176.1	3.5	171.9	5.1	165.1	8.1	170.1	7.1	78.7	4.4	48.7	3.9	91.5	12.5	5.5	11.3	6.1	13.3	25.4	19.2	9.3	28.8	342.2                                     	-999.00 	-999.00 	-999.00 	-999.00 
20130316	140000	-999.00 	-999.00 	47.70 	296.10 	33.80 	282.60 	14.50 	209.7	33.2	160.5	31	139.3	25.2	144.7	6.5	163	12	226.7	11.2	197.6	12.6	232.4	16.6	248.4	12.1	226.7	20.1	256.2	23.6	224.3	25.4	229.5	13.5	256.3	19.1	257.6	21.8	243.6	16.7	252.5	23.1	236.1	19	247.4	27.3	257.9	23	244.6	23.9	269	17.5	251.4	25.9	257                       	-999.00 	-999.00 	-999.00 	-999.00 
20130316	150000	-999.00 	-999.00 	33.00 	245.80 	26.90 	237.90 	32.90 	171.1	37.1	155	50.1	159.9	45.1	152.7	44.2	152.1	38.4	151.2	33	159.6	26.9	163.6	15.6	181.8	19.5	202.3	12.8	235.8	9.7	273.5	8.2	249.4	8.1	239.6	9.8	252.1	9.2	278.8	8.4	227.9	4.9	278.3	11.6	250.3	18.7	262.9	16.3	263.7	14.3	283	11.3	284.4	16.5	274.2                           	-999.00 	-999.00 	-999.00 	-999.00 
20130316	160000	-999.00 	-999.00 	93.90 	186.60 	80.20 	182.00 	66.10 	167.4	50.7	153.9	57.9	138.4	51.5	139.3	49.2	142.1	53.2	138	55.9	145.5	70.3	158.9	59.1	164	53	162.2	54.1	161	48.5	163.8	40.1	158.5	35.9	162.3	30	158.9	29.3	174.3	33.1	165	35.9	182.4	31.8	192.9	29.5	202.5	25.3	209.3	23.3	219.4	29.5	238.6	26.4	251.9                   	-999.00 	-999.00 	-999.00 	-999.00 
20130316	170000	-999.00 	-999.00 	-999.00 	-999.00 	68.40 	189.90 	60.10 	187.7	44.1	178.7	95	166.7	90	162.7	90.9	162.3	81.1	156.5	71.8	151.4	70.2	148.8	62.8	131.3	67	128.9	63.3	134.7	62.7	126.8	63.5	133	56.7	136.6	51.3	134.1	60.4	140.4	52.2	140.6	49.2	136.9	51	150	49.9	155.5	55.2	168.4	57.9	175.7	61.3	197.9	63.8	203.8               	-999.00 	-999.00 	-999.00 	-999.00 
20130316	180000	-999.00 	-999.00 	-999.00 	-999.00 	64.00 	155.60 	65.50 	153.6	83.5	168.7	107.3	166.3	110.6	164.2	91.3	161.4	80.7	157.3	77	152.3	64.2	144.4	49.7	146	42.7	149.6	37.7	151	28.5	148.9	23.9	145.6	26.2	145.4	24.1	156.7	14.9	180.4	9.6	181.8	11.7	195.8	4.7	294.9	4.7	325.3	10.3	276.7	24.4	270.9	45	268.7	48.2	270.7                 	-999.00 	-999.00 	-999.00 	-999.00 
20130316	190000	-999.00 	-999.00 	-999.00 	-999.00 	57.70 	173.20 	62.00 	179.4	66.3	176.1	82	167.3	74.7	165.9	76.1	159.8	62.7	158.3	58.9	152.8	61.9	152.6	62.4	146.4	59.3	140.7	56.9	143.3	53.1	140.2	43.6	150.6	41.5	148.5	37	159.6	37.2	163.6	36.5	169.7	26.9	177.2	34.7	206.9	31.1	234.4	40.5	248.6	56.3	268.3	63.1	278.7	68.4	277         	-999.00 	-999.00 	-999.00 	-999.00 
20130316	200000	-999.00 	-999.00 	-999.00 	-999.00 	52.10 	216.90 	41.30 	207.6	33.8	185.6	46.5	144.6	39	146.9	44.6	146.2	42.5	137.7	39.8	147.1	32.1	157.4	13.2	173.9	22.8	226.6	23.6	289.3	26	274.9	27.2	280.1	25.1	255.9	20.2	272.6	22.1	273.6	14.3	270	11.8	261.3	14.1	268.8	5.8	280.9	3.3	203.4	9.9	165.4	8.6	160.3	18	120.4                   	-999.00 	-999.00 	-999.00 	-999.00 
20130316	210000	-999.00 	-999.00 	-999.00 	-999.00 	51.50 	250.90 	41.30 	246.8	10.4	157.9	15.3	91.5	25.5	55.6	24.6	45.7	23.2	34.1	22.4	33.3	29.1	359.6	22.9	349.7	32.6	335.7	35.6	352.3	26.2	10.5	24.8	358.8	18.1	333	10.4	354.5	1.1	164.7	9.9	319.5	7.9	275.1	12.7	244.8	14.3	242	4.7	172.7	8.8	188.5	0.5	270	8.5	125                         	-999.00 	-999.00 	-999.00 	-999.00 
20130316	220000	-999.00 	-999.00 	-999.00 	-999.00 	33.00 	266.40 	7.90 	233.7	16.8	22.8	34.8	359.3	35.1	354.3	32.1	352.9	49.8	3	49.4	358.7	47	1.5	41.7	359.4	35.9	8	32.4	16.9	20.1	9.7	17.2	354.3	19.5	352	14.7	333.3	12.2	316.7	21.2	249	23.5	251.9	22.9	243.3	23.8	223.3	14.6	265.7	15.7	239	27.1	261.9	21.1	277.1                         	-999.00 	-999.00 	-999.00 	-999.00 
20130316	230000	-999.00 	-999.00 	50.30 	337.80 	47.50 	329.80 	36.80 	356.7	31.6	8.8	41.6	5.8	38.1	17	33.4	29.6	22.4	29.4	21.7	50.8	21.6	82.8	14	39.5	18.4	60.4	14	76.8	8	71.1	5.1	165.1	5.2	188.9	6.9	190	8.3	187.6	0.6	270	4.9	26.6	8.3	39.6	9.5	353.3	4	230	12.6	263.6	29.5	229.4	28.7	232.2                                               	-999.00 	-999.00 	-999.00 	-999.00 
20130317	00000	-999.00 	-999.00 	14.40 	314.40 	10.00 	337.80 	3.10 	292.5	8.1	274.2	15	259.7	16	280.8	9.2	247.1	20.1	266.9	18.6	251.2	18.2	263.4	12.3	251	18.9	255.6	7.4	270	8.1	289.6	14.4	345.1	23.3	346.9	22.1	343.2	33.6	333.1	36.8	347	45.5	0.9	55.3	354.3	57.9	347.6	57.6	356.2	66.4	355	62.9	352.1	61.3	349.7                                 -999.00 	-999.00 	-999.00 	-999.00 	
20130317	10000	-999.00 	-999.00 	47.80 	261.60 	32.10 	272.00 	9.70 	259.9	8.1	297.8	6.6	343.2	7	264.3	8.4	296.3	14.2	276.9	9.7	246.3	14.1	230.4	15.2	277.9	8.4	236.7	8.3	236.3	12.6	190.5	9	211.4	9.6	256.7	6.5	63.4	9.2	303.5	5.5	288.1	3.6	318.4	5.3	55.7	5.1	10.2	14.7	2.3	16.8	0.3	27.4	357.9	32.3	357.3                                                 -999.00 	-999.00 	-999.00 	-999.00 	
20130317	20000	-999.00 	-999.00 	67.10 	245.60 	65.50 	246.60 	16.20 	228.8	6.8	289.8	1.1	26.6	4.4	275.2	6.7	245.3	3.9	265.6	7.7	212.9	11.3	285.4	13	272.2	12	299.6	17	280.2	14.3	281.3	16	270.7	20.2	271.4	12.2	270.9	14.4	276	19	248.4	14.7	266.5	19.4	258.7	17.5	269	17.7	263.2	12.5	281.6	16.3	284.6	17.3	263.4                                   -999.00 	-999.00 	-999.00 	-999.00 	
20130317	30000	-999.00 	-999.00 	84.90 	225.10 	77.00 	223.70 	37.30 	216.5	23.9	160	24.8	184.2	20.3	168.6	15.3	201	12.5	194.4	15.2	208.3	11.9	211.9	13.8	270	16	251	15.3	246.9	12.6	246.1	15.9	243.4	15.9	256.6	14.2	251.9	15.3	258.3	15.7	247.9	16.1	250.4	22.3	242.7	12	228.7	14	242	12.9	263.3	12.8	242.6	4.2	226                             -999.00 	-999.00 	-999.00 	-999.00 	
20130317	40000	-999.00 	-999.00 	-999.00 	-999.00 	62.70 	216.80 	42.40 	199	25	161.1	45.1	154.2	39.9	165.7	21.9	174.5	20.9	208.3	24.1	217.3	15.9	216.6	11.8	249.1	10.3	242.9	9.2	263.7	9.9	211	14	235.7	12.5	233.1	13.6	250.6	9.4	264.5	10.4	262.8	11.5	273.5	5.1	271.1	17.2	276	15.1	294.7	4.6	266.3	13.9	290.6	7.7	303.3                           -999.00 	-999.00 	-999.00 	-999.00 	
20130317	50000	-999.00 	-999.00 	-999.00 	-999.00 	51.40 	210.30 	44.60 	210.6	23.4	181.5	68.4	168	58.1	172.3	49.1	159.4	47.3	157.1	43.9	148.5	26.5	151.6	22.6	179	18.4	180	20	204.5	16.7	231.8	5.2	278.9	18.4	237.9	17.6	273.9	9.7	255.1	16.5	265.8	25.2	264.5	14	269.6	17.2	284.9	19.9	263.4	21.9	263.7	22.6	289.1	17.8	270                     -999.00 	-999.00 	-999.00 	-999.00 	
20130317	60000	-999.00 	-999.00 	-999.00 	-999.00 	64.10 	167.10 	52.60 	174.8	21.6	160.2	60.3	155.6	49.6	175.5	48.4	171.3	39.5	164.4	45.1	179.1	38.1	177.6	23.5	187.1	20.5	197.3	21	216.3	17.8	191	14.4	247.2	12.2	278	7.9	272.2	8.7	314.5	10.2	263.2	1.6	243.4	0.7	171.9	2.7	77	1.1	254.7	3.1	217.2	5.2	136.6	5.6	163.5                               -999.00 	-999.00 	-999.00 	-999.00 	
20130317	70000	-999.00 	-999.00 	-999.00 	-999.00 	72.00 	143.40 	47.50 	162.4	16	176.8	39.7	172.6	43.1	172	35.8	179.8	34.3	170.1	19.3	186.5	9.4	233.3	15.3	270	14.1	292	17.1	297.9	13.4	277.3	17	295.8	17.3	274.6	12	257.5	11.2	317.2	13.6	297.7	7.7	202.9	7	186.5	5.9	164.3	5	40.1	2.9	146.3	1.8	141.8	6.3	96.3                                      -999.00 	-999.00 	-999.00 	-999.00 	
20130317	80000	-999.00 	-999.00 	-999.00 	-999.00 	53.40 	304.20 	38.80 	300.5	12.4	250.3	15.8	199.2	13.2	265.7	9.1	348.6	19.2	340.8	18.9	333.6	12.2	318.3	17.5	354.8	19.8	329.9	18.3	347.7	21.2	349.4	21.8	327.6	16.4	342.2	8.1	8.5	9.4	288.6	5.2	304	4.9	289.2	7	279.1	11.4	209.5	9.5	235.3	9.8	248.4	14.2	254.1	7.7	245.4                             -999.00 	-999.00 	-999.00 	-999.00 	
20130317	90000	-999.00 	-999.00 	57.70 	313.60 	58.50 	308.30 	31.10 	305.2	22.1	301.7	26.9	321	37.6	338.8	36.2	336.4	36.7	326.8	42.3	339.4	42.4	350.8	45.2	337.9	27.4	331.9	24.6	334.8	26.2	332.5	21.4	323.2	15.5	331.4	12.5	289.6	17.9	268.1	16.6	291.6	19.2	223.7	20.8	243.1	20.1	240.8	20	228.4	28.9	241.8	18.9	235.8	16	216.4               -999.00 	-999.00 	-999.00 	-999.00 	
20130317	100000	-999.00 	-999.00 	88.90 	328.60 	82.60 	341.40 	28.10 	332.3	21.6	295.7	18	291.9	14.4	256.4	14.3	264.4	16	254.1	24.4	264.6	13.3	266.1	17.7	284.4	15.5	291.1	23.3	299.9	23.5	316.4	24.7	318.1	36.8	320.7	34.3	308.6	30.7	323.5	32.8	321.7	32.7	344.8	45.4	350.1	61.2	358.1	73.7	354.7	81.6	356.3	90.4	355.1	91.9	358.3           	-999.00 	-999.00 	-999.00 	-999.00 
20130317	110000	-999.00 	-999.00 	104.00 	319.50 	77.70 	327.50 	20.20 	312	13.9	277.8	8.4	310.7	6.2	248.4	8.2	251.6	9	288.8	12.9	306.2	12.2	325	28.2	345.2	28.2	341	31.7	352.4	29.3	342.3	31.4	349.7	36.1	331	38.4	341	55	335.6	59.1	334.2	63.3	349	75.1	354.2	83	359	95.5	359.6	96	0.7	88.2	351.9	89.6	0.6                                         	-999.00 	-999.00 	-999.00 	-999.00 
20130317	120000	-999.00 	-999.00 	89.50 	328.50 	79.80 	329.70 	13.60 	312.6	8	300.1	3.4	193.6	8.6	201.8	0.9	153.4	4.9	59.2	9.2	346.1	7.8	5.9	18.1	327.6	12.2	311	23.7	319.8	23.6	325	25.6	328.9	31.1	340.6	31.1	335.3	34.1	327.1	29.1	345.1	30.8	351.4	37.1	348.8	40.6	342.8	42.2	357.4	41.7	352.7	52.9	351.5	52.3	350.5                             	-999.00 	-999.00 	-999.00 	-999.00 
20130317	130000	-999.00 	-999.00 	98.80 	336.30 	71.40 	334.60 	11.50 	299.3	13.3	354.8	2.1	320.9	10	260.8	2.8	165.5	4.4	202.5	12.9	179.1	7.5	173.1	16	151.7	17	162.9	18.4	144.1	17.6	142.6	13.7	138.5	20.9	136.8	17.1	163.7	13.2	154.4	17.4	155.9	16.8	122.1	15.5	173.3	19	193.1	13.8	180	4.1	71.6	12.2	16.6	19	25.9                              	-999.00 	-999.00 	-999.00 	-999.00 
20130317	140000	-999.00 	-999.00 	58.70 	344.10 	46.80 	338.00 	10.30 	145.7	28.2	135.4	24.4	149.8	15	183.4	4.6	167.5	13.7	227.1	16	248.4	14.2	229	14.7	235.2	12	245.4	15.4	254.5	8.9	273.9	7.3	270	19.3	252.8	16	260.7	15.3	270.8	18	273.8	18.3	273.4	15	264.6	19	255.1	22.7	270	21.5	289.5	26	279.8	23	292.8                                     	-999.00 	-999.00 	-999.00 	-999.00 
20130317	150000	-999.00 	-999.00 	38.90 	10.10 	23.90 	337.60 	16.80 	196.3	41.9	171.5	34.6	168.8	29.8	186.4	21.5	206.2	22.1	208.1	24.8	190	22.2	198.7	19.8	195.2	21.1	213	16.9	211.4	19.3	209.7	22.1	225.4	19.9	229.7	21.2	230.4	13.5	232.2	11.4	232.8	11.7	242.6	9.2	251.6	16.3	249.1	12.1	268.1	14.8	293.4	17.8	289.6	11.1	329.7             	-999.00 	-999.00 	-999.00 	-999.00 
20130317	160000	-999.00 	-999.00 	33.00 	342.60 	32.60 	329.20 	11.70 	211.4	28.4	177.2	41.4	153.4	44.9	169.9	36.8	169.4	36.6	170.3	42.5	187.2	23.5	202.5	31.3	200.2	23.7	188.5	30.6	200.4	20.8	178.3	21.8	182.4	22	192.3	17.9	219.1	13.8	220	15.2	224.2	16.5	217.8	11.1	240.9	12.1	233	14.6	228.3	16.8	271	12.6	260.8	17.4	260.4               	-999.00 	-999.00 	-999.00 	-999.00 
20130317	170000	-999.00 	-999.00 	-999.00 	-999.00 	26.40 	172.60 	50.20 	177.6	51	183.3	81.3	174.8	80.8	172.8	70.2	177.9	61.9	188	48.4	181.4	33.5	190.7	34.3	191.6	24.7	191	16.9	196.5	27.5	172.9	23.1	183.2	8.5	180	10.6	117.1	8.3	91.4	10.5	58.3	4.7	23.8	5.5	357.9	7.8	15.6	9.8	35.5	13.9	19.7	5.7	59.4	9	17.4                              	-999.00 	-999.00 	-999.00 	-999.00 
20130317	180000	-999.00 	-999.00 	-999.00 	-999.00 	54.60 	183.80 	64.20 	167.1	42.8	160.6	69.1	159.6	68.2	159.2	72.1	162.2	72.6	162.5	62.1	166.4	51.3	160.9	48.6	158.8	41.4	173.5	34	170.3	25.1	180.7	31.6	185.4	24.5	201.5	20.7	196.6	28.4	169.6	24.4	169.2	5.8	167.2	7.3	185.5	15.3	188.3	4.6	211.6	7.8	206.6	11.3	261.9	6.4	283.6               	-999.00 	-999.00 	-999.00 	-999.00 
20130317	190000	-999.00 	-999.00 	-999.00 	-999.00 	47.10 	199.60 	44.80 	194.3	47.4	185.1	53.9	171.7	56.8	155.3	63.8	157.7	65.2	150.2	62.1	146.5	58.1	149.2	58.2	139.7	60.1	142	63.8	139.4	76.5	137.9	79.3	140.6	69.5	137	70.1	140.9	68.5	141	63.9	139.4	56.1	142.3	55.5	140	50.7	148.8	50	153.1	47.5	160.7	46.8	161.3	47.6	162.5             	-999.00 	-999.00 	-999.00 	-999.00 
20130317	200000	-999.00 	-999.00 	-999.00 	-999.00 	67.70 	150.90 	57.70 	143.3	34.9	150.9	50.1	158.3	61.9	161.9	59.8	177.3	69	182.2	79.7	181.9	72.4	172.5	67.7	173.6	69.9	171	56.2	165.4	56.6	166.3	58.6	160.4	50	160	48.3	166.6	43	169.8	37.7	185.9	38.6	196.1	39.9	223.4	35.5	231.7	36.2	256.3	41.5	268.2	50.2	272.6	52.2	270.9             	-999.00 	-999.00 	-999.00 	-999.00 
20130317	210000	-999.00 	-999.00 	-999.00 	-999.00 	70.10 	191.30 	53.30 	191.3	33.5	168.1	52.7	178.6	45.1	188.5	41.7	179.4	32.8	186.5	27.7	189.4	20.1	162.4	10.7	218.2	7.8	278.9	24.3	275.9	25.6	288.4	34.4	277.2	25	287.2	25.7	297.9	31.7	272.5	30.2	274.8	24.3	258.1	24.1	260.7	21.4	262.5	22.1	250.8	13.1	269.6	6.1	235	3	246                 	-999.00 	-999.00 	-999.00 	-999.00 
20130317	220000	-999.00 	-999.00 	-999.00 	-999.00 	31.40 	172.70 	35.50 	172.7	17	181.3	10.3	196.9	7.7	40.8	12.6	356.4	17.9	352.6	29	355.4	31.7	349.6	23.2	354.1	23.6	358.3	19.1	6	9.9	352.4	5.2	333.9	2.9	166	4.7	328	3	300	15.1	281.1	16.1	269.6	21.9	278.7	21.6	279.6	15.8	265.7	8.6	259.2	13	260.3	15.9	265.7                                   	-999.00 	-999.00 	-999.00 	-999.00 
20130317	230000	-999.00 	-999.00 	-999.00 	-999.00 	58.50 	15.30 	28.40 	23.2	4	352.9	22.9	349.4	31.1	354.3	42.9	354.1	54.7	351.5	59.9	353.8	53.1	352.5	44.5	352	41.3	350.9	28.8	359.6	28.7	348.3	23.8	351.5	16.4	293.3	13.9	290.6	20.1	289.8	22.2	273.9	17.4	254.4	16	262.8	10.3	218.3	9.5	336.4	5.8	218.1	2.1	232.6	2.4	29.7                    	-999.00 	-999.00 	-999.00 	-999.00 
20130318	00000	-999.00 	-999.00 	-999.00 	-999.00 	78.70 	352.20 	30.60 	332.6	17.8	296.4	24.8	324.5	27.1	331.1	26.4	341	32.7	355.8	37	356.4	32.8	356.9	31.9	350.4	37.3	344.6	28.3	341.2	24.3	329	22.1	324.6	19.5	313.5	21.2	296.3	13.7	283.1	17.3	265.4	16.3	249.1	10.2	241.2	20.1	249.3	24.8	245	20.2	242.9	10.6	270	7	320.2                   -999.00 	-999.00 	-999.00 	-999.00 	
20130318	10000	-999.00 	-999.00 	-999.00 	-999.00 	81.80 	349.00 	26.70 	330.2	8.3	281.2	6.5	4.4	12.8	288.1	15.8	284.3	17	298.8	25.7	268.9	21.1	279.3	30.4	265.7	32.8	267.9	30.2	272.1	15.7	273.3	24.4	277.3	24.3	262.4	19.6	254.3	27.6	283.6	21.3	289.4	22.4	277.4	21.3	262.4	28.3	284.1	25.4	274.1	23.7	249.3	31.9	242	28.5	268.8               -999.00 	-999.00 	-999.00 	-999.00 	
20130318	20000	-999.00 	-999.00 	-999.00 	-999.00 	94.60 	346.70 	29.90 	348.6	12.4	290.8	12.1	5.2	15.6	344	15.1	308.5	7	324.3	12.6	255.7	6	278.7	7.1	273.2	8.5	347.8	7.2	261.2	8	314.5	7.7	318.7	7.9	352.7	3.5	61.3	7.5	313.9	5.3	9.8	9.9	255.4	12.3	247.6	11.5	297.5	17.2	328.1	8.9	321.8	19	320.5	11.2	295.9                                             -999.00 	-999.00 	-999.00 	-999.00 	
20130318	30000	-999.00 	-999.00 	-999.00 	-999.00 	53.70 	355.10 	18.40 	336.9	10.1	160.3	15.9	115.3	2.8	62.5	9.1	340.8	20.2	306.8	12.9	300.4	8.6	307.9	16.6	280.1	15.8	271.4	17.7	264.8	17.5	265.8	19.6	277	22.1	264.8	21.4	259.5	24	267.9	16.2	262.2	21.2	258	23.9	283.3	15.5	271.9	16.9	260.1	17.8	252.7	13.9	258.8	17.8	270.6                 -999.00 	-999.00 	-999.00 	-999.00 	
20130318	40000	-999.00 	-999.00 	-999.00 	-999.00 	39.80 	347.80 	4.40 	356.1	24.2	177.4	25.3	176.4	20.2	197.5	12.3	204.5	4.5	207.7	6.6	196.8	5.4	226.5	13.7	263.7	12.5	250.4	11.8	246.5	12.5	247.9	22.3	251.7	18.6	271.5	17.9	259.7	17.5	258.4	17.6	290.6	13.5	258.9	5.9	282.6	15.1	259.7	7.8	258.1	7.7	272.2	9.9	229.5	11.2	224.6                     -999.00 	-999.00 	-999.00 	-999.00 	
20130318	50000	-999.00 	-999.00 	-999.00 	-999.00 	6.30 	62.60 	18.70 	125.6	20.1	182.8	39	161.5	28.8	176.4	22.8	198.4	20.1	197.1	13.8	204.9	11	179	4.6	216.1	11.3	239.8	7.9	244.4	11.8	261.7	14	237.6	6.2	227	5.5	189.5	8.1	190.6	12.5	270.9	8.4	254.8	9.2	195.7	6.8	196.3	5.3	253.6	4	172.9	3.4	180	4.4	328.1                                             -999.00 	-999.00 	-999.00 	-999.00 	
20130318	60000	-999.00 	-999.00 	-999.00 	-999.00 	28.90 	351.80 	26.20 	341.5	14.2	194.7	40.3	166.5	32.9	166.6	27.9	175.3	24.1	207.2	23.7	206	21.8	197.3	9.1	199.2	13.4	242.5	12.4	199.3	9.7	251.9	11.2	253.3	1.4	315	3.9	275.9	8.6	296.9	2.4	308.3	1.1	164.7	3.2	28.2	3.1	270	1.5	78.7	10.2	195.4	5.1	217.1	10.2	270                                   -999.00 	-999.00 	-999.00 	-999.00 	
20130318	70000	-999.00 	-999.00 	-999.00 	-999.00 	36.60 	9.30 	13.50 	325.3	26.3	211.4	37.2	178.5	34	174.9	24.4	186.1	19	183.3	19.2	186.9	14.1	167.7	15.4	181.9	11.6	152.8	3.2	257.3	1.9	281.9	9.4	152.1	1.8	170.5	3.6	322.8	7.4	317.2	6.6	91.7	4.4	10.5	10.6	149.3	8.1	143.6	6.5	130	5.2	154.9	8.9	131.8	9	117.1                                         -999.00 	-999.00 	-999.00 	-999.00 	
20130318	80000	-999.00 	-999.00 	-999.00 	-999.00 	50.00 	359.00 	39.60 	351	27.1	215.4	34.4	193.1	23.6	197.7	19.2	178.5	13.6	203.4	7	218	10.3	176.1	9	203.7	10.6	244.2	5	270	5.2	73.3	8.5	65.6	1.3	0	1.3	283	5.7	223.6	8.5	52.2	8.8	159.3	7.3	123.9	8.4	70.5	13.8	135.9	10.9	138	12.7	132.1	17.8	120.7                                                 -999.00 	-999.00 	-999.00 	-999.00 	
20130318	90000	-999.00 	-999.00 	-999.00 	-999.00 	62.90 	355.40 	26.30 	342.9	22.4	252.1	20.7	332.1	25.6	308.7	20.7	325.2	22.4	344.7	25	337.1	21.8	325.3	19	316.1	13.3	341.6	10.7	347	5.9	314.3	7.2	350.4	13	315	3.3	331.1	3	42.3	0.7	326.3	3.9	295.9	8.2	330	9.1	217.4	8.5	250.1	4.7	247.3	7.3	195	7.7	180.7                                             -999.00 	-999.00 	-999.00 	-999.00 	
20130318	100000	-999.00 	-999.00 	36.10 	8.10 	36.40 	18.90 	25.00 	3.9	19.3	313.5	28.6	327.4	23.3	330.1	33.8	347.5	38.8	341.5	35.5	355.3	36.8	1.9	36.3	6.6	28.9	354.6	20.7	350.5	23.3	334.6	19.3	331.2	21.1	316.3	21	273.8	14.1	274.1	21.5	274.5	26	266.9	23.9	262.1	33.2	265.2	35.2	261.7	32.7	261.9	36.9	266	37.1	257.5                     	-999.00 	-999.00 	-999.00 	-999.00 
20130318	110000	-999.00 	-999.00 	36.00 	342.90 	36.10 	326.90 	16.20 	341.2	31.8	332.6	31.3	326.2	31.8	326.6	29.7	325	23	310.1	28.4	302.1	29	294.9	40.8	304.3	25.8	326.4	30.9	326.6	22	328.4	21.5	345.4	12.1	348	14.3	22.6	11	54.3	8	325.1	6	353.4	15.8	17.6	15.1	25.6	11.5	29	11.9	328.5	11.3	329.1	25.6	299                               	-999.00 	-999.00 	-999.00 	-999.00 
20130318	120000	-999.00 	-999.00 	30.10 	351.80 	31.30 	328.20 	29.20 	313.2	25.5	309.8	20.2	304.1	24.9	284.6	29.1	278.9	24.5	270	26.8	241.5	17.3	248.3	18	250.9	24.6	256.1	4.2	267.3	9.1	261.8	9.1	291.2	7.7	258	10.3	325.7	21.9	357.9	19.3	355.2	24.9	3	32.8	359.1	38.9	355.7	56.4	358.2	52.2	1.4	67	4.4	64.2	356.3                               	-999.00 	-999.00 	-999.00 	-999.00 
20130318	130000	-999.00 	-999.00 	25.20 	346.00 	31.40 	332.30 	15.20 	310.2	15.4	299.6	7.5	351.5	5.7	350.9	5.4	272.1	5.1	155.5	12.6	179.6	10.6	161.9	11.9	178.1	14.1	141.9	7.6	140.9	13.7	187.9	10.5	200	13.8	220.9	15.8	213.4	17.4	251.6	6.5	228.7	13.4	230.1	23.4	243.1	26.3	208.4	20.3	217	16.9	219.2	21.3	217.9	18.9	207.8                       	-999.00 	-999.00 	-999.00 	-999.00 
20130318	140000	-999.00 	-999.00 	71.90 	346.40 	40.40 	3.40 	8.00 	344.7	5.6	334.8	5.4	270	8.1	340.4	9.1	222.8	9.5	245.8	10.2	238.2	11.2	208.2	9.1	199.2	8.1	193.5	10.8	214.9	8.8	189.1	4.7	150.7	14.9	188.9	13.6	218.7	16.5	201	14	233.1	17.6	237.8	22.3	219.9	14.4	193.3	9.9	238.2	10.9	222	16.2	250.9	10.9	232.1                                       	-999.00 	-999.00 	-999.00 	-999.00 
20130318	150000	-999.00 	-999.00 	30.50 	352.50 	18.70 	329.00 	15.40 	183	21.4	165.6	17.8	186.4	16.5	183.5	18.1	187.9	19.9	192.5	11.8	209.4	14.5	212.9	11.3	231.8	8.3	224	17	233.9	14.3	235.5	12.4	248.8	13.5	252.8	15.3	250.5	11.9	252.9	10.2	215.4	20.3	232.6	9	192.2	9.6	240	16.4	225	19.1	239.6	20	263.1	17.1	272.7                           	-999.00 	-999.00 	-999.00 	-999.00 
20130318	160000	-999.00 	-999.00 	31.30 	328.90 	25.40 	336.80 	13.10 	194.6	27.6	174.8	43.7	162.2	45.1	151.8	35.4	164.9	38.2	172.5	36.5	181.9	33.7	189	36.6	191	34.2	204.9	27.1	209.9	29.6	210.6	22.5	208	7.3	193.5	21.6	230.6	18	220.3	20.7	247	17.9	242.4	15.5	238	20.8	268.4	12.3	297.2	18.6	277.4	19.6	310.4	22	291.6                       	-999.00 	-999.00 	-999.00 	-999.00 
20130318	170000	-999.00 	-999.00 	-999.00 	-999.00 	6.00 	72.50 	37.70 	169.5	38.4	171.6	56.6	169.5	53	165.3	59.9	161.9	53.7	174.9	45.8	171.2	37.6	168.7	29.8	172.3	28.8	163.1	27.7	167.1	14.2	173.5	14	155.4	14.6	200.9	3.9	184.4	10.6	296.8	2.1	215.2	9.2	271.9	11.5	276.5	11.4	292.7	12.4	274.1	10.8	263.1	16.3	244.2	9	261.7                   	-999.00 	-999.00 	-999.00 	-999.00 
20130318	180000	-999.00 	-999.00 	-999.00 	-999.00 	32.70 	201.30 	46.80 	174.8	44.1	161.9	57.9	164.6	50.1	173.4	34.5	179.5	34.7	177.4	29.5	179.4	21.4	194	21.7	188.5	21.3	206.4	14	193.2	14.1	206	9.3	217.1	5.9	227.7	9.5	207.7	9.9	239	0.4	33.7	9.3	217.1	12.5	288.1	6.3	272.7	13.8	267.5	8.3	286.9	13.8	259.2	4.2	213.3                             	-999.00 	-999.00 	-999.00 	-999.00 
20130318	190000	-999.00 	-999.00 	-999.00 	-999.00 	27.80 	136.30 	27.10 	156.3	26.8	153.4	38	170	38.3	156.1	37.4	165.9	44.6	164.5	40.1	158.4	39.7	162.1	33.1	167.1	17.3	160.7	22	182.9	25.3	178.6	14	169.3	4.3	272.7	8.4	246.8	9.9	298.9	9.7	260.5	14.1	264.3	8.3	306.2	11.8	347.3	24.8	325.4	17.4	305.1	15.4	320	22.3	293.2                       	-999.00 	-999.00 	-999.00 	-999.00 
20130318	200000	-999.00 	-999.00 	-999.00 	-999.00 	61.40 	156.80 	63.20 	152.5	53.1	160.5	55	161.2	50.7	170.8	40.3	179	30.6	191.7	19.9	184.3	18	222.3	12.5	225.3	3.7	173.8	6.2	162.2	9.1	228.1	3.8	330.1	8.1	268.6	6.4	7.2	9.3	312.8	6.6	245.8	9.5	209.8	14.6	241	15.3	253.3	15.9	282.4	23.1	284.3	25.2	277.5	41.8	276.5                               	-999.00 	-999.00 	-999.00 	-999.00 
20130318	210000	-999.00 	-999.00 	-999.00 	-999.00 	20.60 	178.10 	18.00 	201.6	47.2	163.4	64.6	161.9	70.3	184.3	67.6	186.9	56	189.2	48.7	186	50.3	177.4	41.6	173.6	31.9	165.3	20.4	156.6	20.1	165.3	15.1	189.9	13.2	213	17.6	235.9	23.9	251.9	30.1	261.6	37.2	266.4	43.4	277.4	53.8	277.1	61.5	287.5	58.8	281.4	59	271.8	61.4	274             	-999.00 	-999.00 	-999.00 	-999.00 
20130318	220000	-999.00 	-999.00 	-999.00 	-999.00 	19.00 	350.90 	15.20 	316.9	39.4	187.7	58.8	193.4	54.7	178.1	35	181	23.5	200.9	10.7	214	13.7	317.1	11.3	295.2	15.6	321.5	13.2	355.2	17.9	321.6	28.2	282.1	22.7	281.7	19.8	279.6	18.1	268.1	14.8	279.3	19.6	281.8	10.5	302.9	16.2	270.4	18.7	272.8	17.8	278.4	19.2	286.4	17.8	264.5         	-999.00 	-999.00 	-999.00 	-999.00 
20130318	230000	-999.00 	-999.00 	-999.00 	-999.00 	54.30 	342.50 	42.60 	342.9	21.3	218.9	18.5	194.7	4.7	173.9	14.1	45.6	16.6	21.6	20.5	359.2	21.7	348.6	26.7	344.8	24	359.1	18.6	347.6	19.2	337.3	13.1	324	2.8	238	2.3	160	3.3	256	7.4	279.3	8.9	281.1	10	279.7	7.7	251.8	14.7	255	12.9	287.2	12.8	279.9	10.9	282.8                               	-999.00 	-999.00 	-999.00 	-999.00 
20130319	00000	-999.00 	-999.00 	-999.00 	-999.00 	80.80 	348.00 	52.50 	340.2	13.7	295.4	19.3	348.3	19.2	358.8	31.8	353.9	37	2.2	43.6	350.6	40.3	354.3	37.3	351.8	27.6	6.5	10.5	333.4	6.6	268.3	15.8	256.1	12.5	269.1	13.5	271.3	17.4	267.7	19.7	274.1	11.4	274.5	11.7	264.1	11.9	246.2	10.2	296.3	20.4	282.7	12.6	265	9	246.3                   -999.00 	-999.00 	-999.00 	-999.00 	
20130319	10000	-999.00 	-999.00 	-999.00 	-999.00 	110.10 	335.00 	73.20 	330.1	22	334.1	42	355.9	37.2	4.6	34	7.3	43.2	359.7	40.8	349.7	24.6	330.8	25.7	333.1	22.7	309.6	17	300.3	33.3	290.8	23.5	273.9	27.1	276.6	22.9	275	17.2	282.1	9.2	251.6	13.8	270.8	10.5	259.6	13.3	280.4	8.4	239.2	6.3	248.7	7.3	260.5	4.6	352.6                             -999.00 	-999.00 	-999.00 	-999.00 	
20130319	20000	-999.00 	-999.00 	-999.00 	-999.00 	119.50 	339.60 	72.90 	338.7	17.1	355.3	36.1	18.2	37.7	22.1	42.4	8.1	35.1	9.8	32.8	344.1	27.2	345.3	24.4	329.1	23.8	325.1	17.8	325.5	20.1	324.3	24.4	283.2	18.9	287.9	22.3	268.2	25.5	280.4	23.6	275.6	24.8	269.1	26.8	272.6	32.7	269.8	33.1	271.7	29	273.8	20	283.9	20.4	267.2             -999.00 	-999.00 	-999.00 	-999.00 	
20130319	30000	-999.00 	-999.00 	-999.00 	-999.00 	116.30 	346.60 	69.80 	343.6	20.3	318	25.9	11.6	18.5	36	14.5	18.1	27	21.5	28.1	7.8	17.8	354.8	24.1	340.1	23.4	320.4	19.8	337.1	22.9	330.2	21.3	332.6	22.4	309.7	25.4	288.1	16.3	292.3	24	301.9	18.5	278.1	23.5	284.8	20.1	288.5	24.4	274.9	20.9	278.3	19.4	276.8	29.9	267.3               -999.00 	-999.00 	-999.00 	-999.00 	
20130319	40000	-999.00 	-999.00 	-999.00 	-999.00 	103.80 	344.60 	56.10 	344	1.6	227.5	9.1	331.7	1.5	109.7	2.2	106	2.3	5	9.9	319.5	11.5	335.2	13.9	290.3	19.6	303.1	11.5	286.7	21.9	278.9	20.9	279.9	19.4	279.8	13.6	279.3	23.1	267.8	24.5	280.1	23.1	257.2	21.8	247.1	27.4	276.1	23.1	270.5	29.4	280.6	28.3	278.3	23	253.3                           -999.00 	-999.00 	-999.00 	-999.00 	
20130319	50000	-999.00 	-999.00 	-999.00 	-999.00 	80.90 	340.80 	35.00 	341.5	14.9	162.1	25.5	173	5.2	261.1	9.7	182.9	7.9	174.2	8.8	252.8	9.2	263.1	10.6	274.3	6.9	263.4	6.9	253.9	10.3	237.2	13.1	236.6	7.9	270	9.5	266.4	15.2	257.1	19.2	270.9	17.9	261.6	15	263.5	14.2	298.6	14.9	276.2	24.7	279.3	12.2	268.1	15.4	283.9                             -999.00 	-999.00 	-999.00 	-999.00 	
20130319	60000	-999.00 	-999.00 	-999.00 	-999.00 	76.20 	347.00 	42.10 	334.4	20.3	199.6	39.2	166.4	31.2	167.8	31.3	170.2	24.5	176.7	11.2	171.3	9	54.9	4.2	343.3	4.2	157.7	2.6	193.5	6.8	238.9	4.1	105.8	8.7	214.2	1.4	278.1	9.8	302.1	4.9	74.5	3.6	230.6	5.3	158.8	2.2	280.3	1.1	228.8	3	270	2.9	56.3	5.2	166.8                                             -999.00 	-999.00 	-999.00 	-999.00 	
20130319	70000	-999.00 	-999.00 	-999.00 	-999.00 	60.40 	334.60 	32.90 	320.8	13.6	229.2	19.2	184.8	24.8	159	21.6	179.5	16.1	177.2	8.6	215.5	3.7	240.6	7	260.9	5.2	130.4	4.4	228.7	6.2	248.4	6.3	223.1	11.1	255.3	9.5	243.2	1.6	90	3.4	339.4	6.7	264.9	8.1	277.1	6	198.4	2.3	46.7	4.1	285.4	7.8	274.4	1.9	25.2                                                -999.00 	-999.00 	-999.00 	-999.00 	
20130319	80000	-999.00 	-999.00 	-999.00 	-999.00 	79.60 	335.40 	39.10 	344.1	22	206.7	37.3	163.7	32.8	149	22.5	178.7	13.8	169.6	13.5	185.5	5.4	216	1.3	57.5	8.9	256.3	2.3	37.9	9	180	6.6	275.2	3.3	311.4	7	311	8.9	336.9	3	66	6.6	200.3	7.7	185.9	7.8	8.1	2.1	180	7.5	41.8	4.9	188.1	8.9	240.3                                                             -999.00 	-999.00 	-999.00 	-999.00 	
20130319	90000	-999.00 	-999.00 	-999.00 	-999.00 	88.00 	344.40 	57.20 	325.6	15.9	214	18.4	164.5	20.2	176.6	11.3	218.9	11.6	251.9	3.2	288.4	5.1	296.6	9.4	320.6	3	131	2.4	325	7.3	281.9	3.8	334.8	3.9	302.5	5.8	266.1	3	3.8	6.7	311.4	8	292.1	7.7	258	8.7	281.3	7.5	283.1	6.8	238.2	12.2	283.8	3.7	214.1                                                       -999.00 	-999.00 	-999.00 	-999.00 	
20130319	100000	-999.00 	-999.00 	-999.00 	-999.00 	102.50 	343.00 	41.90 	316.6	14.4	231.8	10.1	308.6	22.1	322.7	24.1	312.5	21	296.6	16.5	330.6	10.4	330	14.4	328.1	8.3	341.1	6.3	17.6	4.8	275.9	8.4	113.8	3	164.6	9.5	101	1.3	98.8	3.9	294	6.9	259.2	9.1	225	8.5	283.6	6.4	351	13.6	313.2	17.8	333.6	7.3	344.8                                           	-999.00 	-999.00 	-999.00 	-999.00 
20130319	110000	-999.00 	-999.00 	134.20 	349.10 	123.80 	344.80 	34.50 	331.4	19.6	311.5	24.7	331.7	24.6	343.7	18.9	318.2	16.4	345.2	16.8	346.2	14.1	2.8	15	20.7	15.7	352.3	6.5	341	10.1	5.1	14.8	85	5.7	83	13.2	105.8	14.3	62.5	11	36.9	5.5	76.2	13.4	25.2	8.3	44.5	8.7	47.3	22.6	33.8	8	33.3	10.1	82.6                                    	-999.00 	-999.00 	-999.00 	-999.00 
20130319	120000	-999.00 	-999.00 	114.50 	345.00 	105.20 	344.80 	39.90 	341	27.8	312.5	17.2	306.5	8.3	284.7	6.8	205.4	1.7	205	9.1	271.9	10.8	281.7	5.5	290.1	12.6	307.2	14.4	302.8	17.4	322	21.6	318.2	25.2	320	26.5	343.1	24.1	322.1	26.3	329.1	29.1	346.9	34.6	344.6	41.3	344	35.3	348.2	45.7	6.2	51.7	356	59.7	357.9                               	-999.00 	-999.00 	-999.00 	-999.00 
20130319	130000	-999.00 	-999.00 	111.50 	355.00 	88.30 	0.00 	22.90 	338.5	17.9	334.9	14.2	318.1	7.5	319.3	17.8	333.6	17.9	340.4	6.7	332.3	7.2	282.1	7.9	323.7	5.2	250.9	11.9	163.9	11.2	213	8.6	184.7	12.9	225.9	2.3	293.2	5.6	357.9	16	341.4	26.3	336.5	24.5	331.4	32	339.3	41	344.1	49.2	338.5	44.1	338	53.6	347.8                                   	-999.00 	-999.00 	-999.00 	-999.00 
20130319	140000	-999.00 	-999.00 	98.10 	7.90 	76.20 	0.80 	21.80 	351	33.7	14.6	29.4	14.8	17.9	18.2	7.4	356.1	5	321.5	12.4	292.2	6.4	177.3	7.7	321.3	13.6	358.7	11.7	6.9	8.8	325.2	7.9	283.2	8.2	291.5	17.8	292.8	16.4	290.8	7.7	309.2	10.1	256.8	18.5	279.3	16.8	274.1	20.9	273.3	26.2	262.8	24	272.6	25.5	254.1                                   	-999.00 	-999.00 	-999.00 	-999.00 
20130319	150000	-999.00 	-999.00 	70.40 	351.60 	60.70 	341.90 	6.30 	306	7.7	188.2	20.9	120.7	18.9	130.1	20.3	162.6	0.8	39.8	3.1	232.8	7.9	171.3	6.6	233	2	357.1	3.5	338.5	6	236.6	10.9	262.6	12.9	258.3	10.3	229.3	16.2	267.5	15.4	270	13.3	269.6	18.6	280.8	18.3	256.1	14.7	273.1	16.8	281	17.9	245.9	24.6	270.5                                     	-999.00 	-999.00 	-999.00 	-999.00 
20130319	160000	-999.00 	-999.00 	54.10 	346.80 	24.60 	353.40 	19.00 	163.5	27.5	162.9	31.5	134.9	28.1	151.2	14.4	147.2	14.5	185.6	10.1	182.8	6.4	233.3	15.2	209.6	9.2	179.4	9.1	224.1	15.8	213.1	11.6	197.5	12.4	194.5	12.6	230.1	15.9	206.1	3.8	219.6	9.6	219.5	7.3	232.8	13.3	261.8	11.3	280.2	16.7	266.9	17.7	286.1	10	282.1                     	-999.00 	-999.00 	-999.00 	-999.00 
20130319	170000	-999.00 	-999.00 	8.10 	29.70 	5.40 	290.40 	14.00 	157.3	26.8	170.8	21	171.8	25.3	158.9	16.8	170	18.6	193.1	20.5	190.1	15.5	188.2	23.9	166	19.7	185	21	185.5	23.6	186.1	21.2	196.5	16.8	196.3	18	211.1	10.7	193	11.7	211	14.1	204.4	6.1	260.5	14.4	239.5	7	255.2	12.9	282.1	21.4	266	11.1	259.1                                   	-999.00 	-999.00 	-999.00 	-999.00 
20130319	180000	-999.00 	-999.00 	1.20 	145.00 	4.70 	276.10 	8.50 	198.4	19.9	216.4	36.2	196.2	43.4	201.7	43.6	193.8	47	196.8	36.1	188.4	26.8	194.2	19.9	206.2	12.6	221.8	11.7	230.2	8	234.1	10.4	263.4	5.9	323.3	2.4	87.6	7.8	48.1	8.7	351.4	6.7	328.4	8.1	33.9	6.7	40.8	6.3	332.6	6.5	270	10.3	293.6	10.2	303.9                                       	-999.00 	-999.00 	-999.00 	-999.00 
20130319	190000	-999.00 	-999.00 	-999.00 	-999.00 	18.20 	33.80 	16.90 	123.9	28.7	170.6	49.9	161.3	49.1	156.9	48	160.6	44.7	166.4	43.2	189.1	38.1	195.7	31.5	217.3	28.4	229.3	30.1	234.2	12.9	231.6	7.2	252.3	23.4	274.4	13.1	265.6	12.9	246.6	8.4	250.5	14.1	199.5	19	209.3	22.3	238.4	18.9	247.6	15.4	237.8	12.4	268.1	15.9	284.6           	-999.00 	-999.00 	-999.00 	-999.00 
20130319	200000	-999.00 	-999.00 	-999.00 	-999.00 	37.70 	207.50 	44.50 	190.3	36.9	176.9	70.9	174.7	72.5	179.4	65.8	186.4	66.5	183.5	63.8	186.6	58.2	184.6	40.6	183.5	25.3	182.9	17	183.7	7.5	215.2	16.3	270	6.6	220.7	13.1	237.8	9.5	213.9	2.1	330.9	4.5	305.1	2.1	180	5.3	58.1	9.1	311.9	8.9	316.8	2.7	342.9	1.1	52.1                                	-999.00 	-999.00 	-999.00 	-999.00 
20130319	210000	-999.00 	-999.00 	-999.00 	-999.00 	25.10 	239.70 	18.40 	229.2	47.5	192	58.8	186.8	59.8	180.7	58.4	172.2	69.8	184.4	58.1	180.1	53	177	49.7	165.7	53.6	158	39.3	162.8	42.1	170	27.2	177.5	15.4	211.2	16.9	225.2	5.5	235.4	10.5	269.4	9.9	260.7	14.4	258	20.9	293.4	21.6	293.1	26	283.6	33.7	283.4	45.6	271.1                     	-999.00 	-999.00 	-999.00 	-999.00 
20130319	220000	-999.00 	-999.00 	-999.00 	-999.00 	19.30 	279.20 	22.00 	209.9	28.7	180.2	55.1	180.6	59.9	167	46.1	179	42	169.8	46.3	158.7	47.5	157.1	33.6	152.4	38.1	153.7	36	153.2	33.6	163.9	38.7	189.1	31.6	186.7	22.6	204.3	30.6	220.4	27.7	248	33.8	254.2	31.3	262.5	44.4	266.3	52.2	273.8	50.5	273.6	50.2	274.8	43	258.1               	-999.00 	-999.00 	-999.00 	-999.00 
20130319	230000	-999.00 	-999.00 	-999.00 	-999.00 	30.60 	293.50 	29.60 	303.1	14.9	204.2	41.9	177.3	51.7	179.2	45.4	171.1	39.6	161.8	35.7	160.6	15.5	194.6	11.9	306.8	14.5	286.1	7.7	331.1	12.5	306.2	18.2	284.9	7.4	334.5	14.1	307.2	2.2	326.3	6.1	339.8	9.8	310	10.3	268.3	12.4	265.9	13.3	258.7	15	259.7	8.6	246.1	19.6	258.2                   	-999.00 	-999.00 	-999.00 	-999.00 
20130320	00000	-999.00 	-999.00 	-999.00 	-999.00 	49.30 	339.20 	36.80 	341.6	18.6	317	31	205.2	23.8	194.1	12.8	110.6	19.5	52.5	25.7	38.2	17.6	16.5	20.5	351.3	12.2	338.9	16.5	332.2	14.4	320.6	10.4	333.7	2.5	258.7	4.2	292.3	4.8	190.8	6.1	303.7	9.5	283.4	14.8	254.7	7.8	283.3	15.4	261.8	17.9	254.1	20.2	231.8	18.5	266.3                     -999.00 	-999.00 	-999.00 	-999.00 	
20130320	10000	-999.00 	-999.00 	-999.00 	-999.00 	75.70 	344.80 	61.50 	340.4	18.2	333.9	17.4	27.4	25.4	38	26.8	6	29.8	351.3	23.1	353.6	23	4.3	24.3	8	18.2	9.5	21.7	300.7	24.4	271.2	26.9	289.8	18.1	295.9	9.9	303.9	16.1	276.4	11.7	305.6	14.5	238.3	12.4	255.5	15.3	273.7	11.5	241.4	15.6	252.8	23.1	214.6	11	242.5                         -999.00 	-999.00 	-999.00 	-999.00 	
20130320	20000	-999.00 	-999.00 	-999.00 	-999.00 	107.00 	350.00 	85.30 	352.7	28.5	340.6	16.6	27.2	21.5	13.7	18.8	39	17.6	23.5	27.7	351.1	21.6	340.2	28.7	329.1	18.5	336.5	24.4	298.9	21	285.8	23.9	282.4	22.7	267.5	14.7	270.8	17.7	261.2	16.7	260	15.8	248.8	13.4	248.6	11.8	253.3	11.4	259.9	13.7	243.6	13.4	227.1	15.8	264.2           -999.00 	-999.00 	-999.00 	-999.00 	
20130320	30000	-999.00 	-999.00 	-999.00 	-999.00 	102.20 	356.20 	83.50 	354	29	338.4	25.5	356.6	35.4	8.3	42.4	356.5	36.6	350.9	27.7	354.8	15.3	1.9	8.3	2.1	9.4	300.6	10	274.6	17.4	270.3	17.7	278.1	22.3	275.4	23	248.6	17.1	261.3	17.2	269	13.4	288.3	12.3	260.1	10.3	258.3	8.6	250.9	12.8	231.3	14.7	196.6	10.4	213.2                           -999.00 	-999.00 	-999.00 	-999.00 	
20130320	40000	-999.00 	-999.00 	-999.00 	-999.00 	94.90 	351.60 	80.60 	351.5	17	4.7	28.4	15.5	30.8	12.2	27.9	350.7	26.2	347	23.9	352.6	19.8	335.5	18	325.9	14.8	294	9	286.2	10.1	257.5	17.9	254.1	19.7	263.6	22.8	252.1	13.3	281.7	18.7	262	17.5	269.7	26.4	268.1	19.6	274.7	13.4	279.9	13.6	272.5	20.8	293.5	11.7	271.5                     -999.00 	-999.00 	-999.00 	-999.00 	
20130320	50000	-999.00 	-999.00 	-999.00 	-999.00 	70.80 	345.70 	40.30 	344.8	10.2	174.4	10.1	311	7.3	281	7.5	270	12.9	293.2	15.4	284.7	19.8	307.4	16	308.2	20.4	328	17.6	314.3	18.2	297.8	16.9	302.5	13.9	285	16.4	287.3	18.2	284	15.3	289.9	7.8	262.6	13.2	258.2	17	275.1	14.6	262.5	17	285	24.2	284.6	21.9	256.3                               -999.00 	-999.00 	-999.00 	-999.00 	
20130320	60000	-999.00 	-999.00 	-999.00 	-999.00 	59.70 	355.80 	11.60 	346.6	16.4	184.6	14.7	171.8	15.7	277.3	11.3	311	10.4	329.2	8.5	22.9	5.2	313.4	10.5	274.9	1.7	327.3	8.2	279.1	13.4	269.6	5.9	250	10.1	258	2.8	288.4	6.8	246.5	11.5	277.5	17.1	276	19.2	267.3	12.1	247.7	14.8	290.1	9.3	307.1	19	273	8.9	276.5                                   -999.00 	-999.00 	-999.00 	-999.00 	
20130320	70000	-999.00 	-999.00 	-999.00 	-999.00 	53.00 	356.30 	26.50 	1.7	16.1	186.4	11.3	117.5	16.1	1.8	15.3	312.9	7	9.9	9	285.4	5.9	299.6	4.4	275.2	5.3	275.4	15.3	264.4	9.3	308	6.9	284.2	7.4	328.2	15.3	283.2	10.3	269.4	9	343.8	13	287	10.4	306.8	6.3	189.2	9.2	270	7.8	266.3	14.7	324.1	4.8	344.2                                                   -999.00 	-999.00 	-999.00 	-999.00 	
20130320	80000	-999.00 	-999.00 	-999.00 	-999.00 	59.60 	350.40 	37.10 	351.2	16.2	220	17.5	191.2	16	229.3	16.5	295.8	19.4	321.7	14.1	335.6	2.5	293.5	3.6	270	1.3	296.6	11.6	295.5	6.6	303.2	17.3	203.2	1.3	278.8	8.9	288.4	9.1	277	8.8	265.4	6.3	237.3	6.2	288.7	2.2	140.5	9.6	217	4.3	187.9	15.7	200.5	12.5	267.3                                         -999.00 	-999.00 	-999.00 	-999.00 	
20130320	90000	-999.00 	-999.00 	-999.00 	-999.00 	55.50 	338.60 	32.70 	316.4	18.5	211.3	19	177.9	14.9	212.4	3.1	279.2	16.2	288.8	6.6	352.1	0.9	296.6	7.4	283.3	2.9	260.2	10	268.3	9.2	237	7.1	240.6	10.1	216.5	15.3	219.7	1.6	209.7	11.4	237.1	9.5	257.9	18.7	240.8	12.9	203.8	4.1	242.2	7.6	232.5	12.4	232.8	10.5	226.9                                 -999.00 	-999.00 	-999.00 	-999.00 	
20130320	100000	-999.00 	-999.00 	-999.00 	-999.00 	56.10 	348.90 	22.90 	329.3	18.4	216.6	14	192.8	4.5	288	16	330.9	18.2	303.6	8.4	273.4	7.4	170.7	4.4	258.2	4.8	189.7	2.8	235.2	11.1	293.3	6.7	304.6	11.1	293.8	12.1	286.8	11.5	289.9	12.8	245.6	7.2	282.1	7.5	276.9	15.8	267.8	10	260.3	6.7	281.1	8	251.8	11.9	285.1                                   	-999.00 	-999.00 	-999.00 	-999.00 
20130320	110000	-999.00 	-999.00 	-999.00 	-999.00 	60.00 	347.00 	18.30 	355.3	11.4	241.6	4.3	312.2	20.2	331.7	31.4	339.7	28.7	352.4	21.2	335.1	10.1	349.7	12.6	324	7.4	255.2	15.8	333.3	11.1	312.4	11.8	308.8	10.3	313.4	11	342.1	4.9	298.1	12.9	298.8	2	264.3	3.3	346	8.5	315.9	4.8	26	9.1	294.6	8.6	292.7	7.3	303.9                                 	-999.00 	-999.00 	-999.00 	-999.00 
20130320	120000	-999.00 	-999.00 	80.50 	346.20 	71.40 	347.70 	31.00 	338.4	26.6	323.3	31.8	324.2	35.2	313.7	33.7	316.7	33	326.1	23.3	342	24.9	355.2	24.2	1.7	26.1	356.7	17.1	13.6	12.8	4.9	12	13.5	7	62.7	9.8	329.2	7.5	43.9	8.6	345.8	4.7	343.9	6.1	267.2	8.5	315.9	10.8	265.2	13.8	248.8	21.8	273.7	14.5	270                                   	-999.00 	-999.00 	-999.00 	-999.00 
20130320	130000	-999.00 	-999.00 	92.50 	327.40 	89.20 	323.50 	29.80 	319.2	25.5	339.4	43.6	350.2	49.1	4.1	54.2	356.2	57.8	353.4	51.4	349.7	39.5	341.6	36.7	344.3	31.3	351.7	20.8	332.6	21.3	328.9	20.4	329.4	23.7	299.8	24.2	291.6	17.6	269	12.8	275.4	17.3	273.3	27.5	276.5	35.3	269.5	30.9	264.2	30.1	264.9	30.6	269.3	31	265.7             	-999.00 	-999.00 	-999.00 	-999.00 
20130320	140000	-999.00 	-999.00 	97.40 	344.00 	82.70 	345.20 	24.80 	346.2	37	0.3	44.2	3.5	45.6	6.8	36.2	13.1	43.8	11.6	33.4	18.5	29.2	4.1	30.8	359.6	27.1	341.5	21.9	340.6	23.2	328.2	25	310.9	27.7	301.9	34.8	288.6	30.3	280.1	40.6	290	34.5	269.5	36.1	266.3	35.8	256.4	35.2	266.7	29.7	249.5	33.8	269.8	36.1	268.9                     	-999.00 	-999.00 	-999.00 	-999.00 
20130320	150000	-999.00 	-999.00 	85.80 	352.00 	58.80 	351.20 	22.00 	340.1	17.6	356.1	15.2	16.8	13.9	24.2	12.9	36.8	8.5	346.4	13.1	321.8	18.2	2.2	17.3	330.6	21.6	322.7	22.7	318.2	22.6	315.4	29.5	287.6	28.8	282.3	29.9	284.1	30.3	277.8	32.6	277.8	39.8	274.5	33.5	270	36.5	269.2	33.2	263.9	33.5	257.9	37.4	254.8	35	264.1               	-999.00 	-999.00 	-999.00 	-999.00 
20130320	160000	-999.00 	-999.00 	50.70 	353.20 	26.70 	20.60 	10.90 	170.4	6.7	198.2	6.5	292.6	8.6	347.3	2	147.1	1.4	175.9	11.3	357.5	11.6	339.9	14	272.1	14.1	265.9	16.2	282.5	17.5	298.8	14.9	302.4	16.9	272.4	17.1	266.3	22	273.4	13.9	276.6	14.4	295.5	16	248.7	16.7	272.1	18.1	260.8	17.8	263.6	21.3	261.9	23.7	247.7                         	-999.00 	-999.00 	-999.00 	-999.00 
20130320	170000	-999.00 	-999.00 	49.30 	340.20 	41.20 	346.10 	16.00 	217.4	23.5	189.8	13.2	179.1	13.6	178.3	14.2	214.7	8.7	200.1	11.2	208.2	10.7	289.1	6.1	295.3	15	240.3	7.2	266.8	11.1	281.4	16.7	287.5	9.2	242.9	14.6	262.9	16.8	267.6	6.3	270	11.4	233.9	15.4	255	14.9	247.1	13.3	278.7	13.3	250.6	10	271.7	14.7	250.1                         	-999.00 	-999.00 	-999.00 	-999.00 
20130320	180000	-999.00 	-999.00 	16.10 	74.20 	8.60 	79.30 	24.00 	167	33.1	180.7	37.4	167.6	23.8	171.3	2.8	145.2	14.5	203.9	12.8	202.6	7	250.8	11.5	236.7	14.9	242.9	7.1	278.1	13.6	214.5	4.9	54.1	9.1	289.8	4.2	288	2.9	229.2	3.4	339.4	2	243.4	2.7	257	6.6	255.1	15.3	232.4	8.8	208.6	8.2	250	7.9	270                                                   	-999.00 	-999.00 	-999.00 	-999.00 
20130320	190000	-999.00 	-999.00 	-999.00 	-999.00 	49.20 	161.30 	50.10 	161.2	38.4	171.2	46.2	165.6	43	163.5	37.5	161.7	36.5	155.8	39.1	172.1	34	190.8	21.5	189.9	14	194	15.4	181.5	10.7	221.6	14.3	218.5	11.7	248.9	6.2	250.1	13	212.1	12.2	242.6	6.4	261	12.2	212.7	7.9	248.6	7.7	261	9.1	290.6	11.9	256.9	5.6	314.3                             	-999.00 	-999.00 	-999.00 	-999.00 
20130320	200000	-999.00 	-999.00 	-999.00 	-999.00 	32.20 	167.10 	31.00 	183.3	24.3	192.4	61.8	171.2	55.4	169	42.4	154.5	37.5	164.7	39.2	162.6	29.5	179.2	28.1	168.3	22.8	185.5	18.6	181.8	11.2	223.2	10.8	273.7	8.5	252.8	8.2	268.6	12	266.2	16.1	270.4	16.4	274.6	10.5	264	11.7	301	19	284.3	17.9	270	15.2	287.6	7.7	264.1                     	-999.00 	-999.00 	-999.00 	-999.00 
20130320	210000	-999.00 	-999.00 	-999.00 	-999.00 	55.50 	145.60 	50.70 	152.9	36.8	187	62.8	174.8	60.7	171.3	59.7	168.6	58.1	159.1	58.3	170.4	60.3	166.3	44.8	161	31.2	172.4	19.8	173.6	16.9	198.7	7	242.7	13	268.7	14.1	320.8	11.1	287.8	9.8	302.9	5.1	304.6	5.6	210.3	6.9	274.1	4.3	215.5	4.9	92.3	10.4	110.2	8.5	64.3                            	-999.00 	-999.00 	-999.00 	-999.00 
20130320	220000	-999.00 	-999.00 	-999.00 	-999.00 	87.40 	145.40 	69.50 	151.2	44.7	171.4	62.8	174.1	55.8	161.1	56.5	163.1	57.8	166.6	61.2	171.4	57.3	168.8	58.5	166.2	60.4	164.1	55	165.3	36.9	171.9	23.2	175.1	20.3	243.9	26.5	276.1	9.6	262.8	10.6	283.6	3.7	169	10.3	230.1	6	199.3	6.4	211	10.4	212.5	6.5	251	4.5	254.4                         	-999.00 	-999.00 	-999.00 	-999.00 
20130320	230000	-999.00 	-999.00 	-999.00 	-999.00 	157.40 	162.20 	126.90 	165.9	64.3	164.8	64.2	175.1	69.5	164.4	66.1	165.1	65.8	166.9	60.2	169.4	53.2	151.7	41.7	155.7	27.9	183.3	32.6	209.2	30.4	248.8	29.7	267.5	21	269.4	16.1	270.7	9.2	258.7	6	269.1	8.6	189.3	7	119.8	3.9	50.2	1	246	2.3	90	3.9	70.6	5.1	254.1                                 	-999.00 	-999.00 	-999.00 	-999.00 
20130321	00000	-999.00 	-999.00 	-999.00 	-999.00 	143.20 	173.30 	124.90 	172.7	57.5	176.9	43.2	186.1	47.6	163.7	39.2	171.5	42.5	177.7	33.2	183.5	10.9	238.5	14.8	328.2	15.7	309.6	13.1	310	15.8	306.5	17.5	299.1	10	253.2	7	316.7	7.2	77.1	5.8	207.9	6.9	233.8	8.8	211.5	5.7	250.6	7.5	202.8	9.6	279.6	8.6	247.3	8	300.1                                 -999.00 	-999.00 	-999.00 	-999.00 	
