20130310	00000	-999.00 	-999.00 	-999.00 	-999.00 	-999.00 	-999.00 	-999.00 	-999.00 	100	167.7	114.7	170.1	109.4	173.3	97	172.1	79.1	169.5	69.8	171.3	63.1	170.7	-999.00 	-999.00 	-999.00 	-999.00 
20130310	10000	-999.00 	-999.00 	-999.00 	-999.00 	-999.00 	-999.00 	-999.00 	-999.00 	114.7	171.9	138.8	165.2	123.3	165.6	106.8	168.9	96.5	169.8	82.5	168.4	73.2	166.7	-999.00 	-999.00 	-999.00 	-999.00 
20130310	20000	-999.00 	-999.00 	-999.00 	-999.00 	-999.00 	-999.00 	-999.00 	-999.00 	-999.00 	-999.00 	165.5	176.1	156.9	168.9	141.3	164.5	119.8	162.4	106.6	161.5	93.4	159.8	-999.00 	-999.00 	-999.00 	-999.00 
20130310	30000	-999.00 	-999.00 	-999.00 	-999.00 	-999.00 	-999.00 	-999.00 	-999.00 	-999.00 	-999.00 	105.4	175.1	100.8	173.4	91	170.4	92	167	83.6	164.9	74.5	164.8	-999.00 	-999.00 	-999.00 	-999.00 
20130310	40000	-999.00 	-999.00 	-999.00 	-999.00 	-999.00 	-999.00 	-999.00 	-999.00 	-999.00 	-999.00 	51.9	179.1	45.9	174.5	36.4	171.6	27	166.5	26.8	175.3	20.9	174.5	-999.00 	-999.00 	-999.00 	-999.00 
20130310	50000	-999.00 	-999.00 	-999.00 	-999.00 	-999.00 	-999.00 	-999.00 	-999.00 	-999.00 	-999.00 	9.1	359.4	8.8	342.8	17.6	3.9	27.8	353	35.7	349	32.9	349.7	-999.00 	-999.00 	-999.00 	-999.00 
20130310	60000	-999.00 	-999.00 	-999.00 	-999.00 	-999.00 	-999.00 	-999.00 	-999.00 	41.6	340.2	46.8	348	49.5	352.2	56.6	350.5	56	2.7	44.2	4.7	38.2	355.2	-999.00 	-999.00 	-999.00 	-999.00 
20130310	70000	-999.00 	-999.00 	-999.00 	-999.00 	-999.00 	-999.00 	-999.00 	-999.00 	76.4	355	82	358.9	79	354.4	70.4	356.1	69.1	354.5	67.8	354.1	52.7	350.6	-999.00 	-999.00 	-999.00 	-999.00 
20130310	80000	-999.00 	-999.00 	-999.00 	-999.00 	-999.00 	-999.00 	-999.00 	-999.00 	79.8	358.7	84.3	358.5	85.1	356.1	85.3	355.8	78.9	357.4	72.7	350.6	58.4	351.3	-999.00 	-999.00 	-999.00 	-999.00 
20130310	90000	-999.00 	-999.00 	-999.00 	-999.00 	-999.00 	-999.00 	-999.00 	-999.00 	68.1	6.4	70.5	6.6	73.2	3.8	76.3	359.4	71.3	351.5	66.2	354.9	58	346.4	-999.00 	-999.00 	-999.00 	-999.00 
20130310	100000	-999.00 	-999.00 	-999.00 	-999.00 	-999.00 	-999.00 	-999.00 	-999.00 	38.4	20.1	40.6	14.2	41.9	7.8	44.4	1.7	34.3	3.9	29.3	346.4	31	351.1	-999.00 	-999.00 	-999.00 	-999.00 
20130310	110000	-999.00 	-999.00 	-999.00 	-999.00 	-999.00 	-999.00 	-999.00 	-999.00 	24.7	145.5	25.3	152.2	12.5	132.7	4.8	111.8	11.5	7	5.2	358.9	3.2	327.8	-999.00 	-999.00 	-999.00 	-999.00 
20130310	120000	-999.00 	-999.00 	-999.00 	-999.00 	-999.00 	-999.00 	-999.00 	-999.00 	55.5	163.4	46.4	153.7	44.3	153.3	21.6	165.5	21.2	153.4	18.6	170.7	18.1	161.7	-999.00 	-999.00 	-999.00 	-999.00 
20130310	130000	-999.00 	-999.00 	-999.00 	-999.00 	-999.00 	-999.00 	-999.00 	-999.00 	60.1	163.8	72.7	164.6	67.1	167.7	62.8	173.6	48.2	172	39.9	176.3	33.6	178.6	-999.00 	-999.00 	-999.00 	-999.00 
20130310	140000	-999.00 	-999.00 	-999.00 	-999.00 	-999.00 	-999.00 	-999.00 	-999.00 	64.4	179.1	90.7	172.4	88.1	171.5	81.6	176.2	76.6	176.9	60.1	167.9	44.2	152.2	-999.00 	-999.00 	-999.00 	-999.00 
20130310	150000	-999.00 	-999.00 	-999.00 	-999.00 	-999.00 	-999.00 	-999.00 	-999.00 	-999.00 	-999.00 	86.2	174	76.2	174.7	69.2	173.9	63.1	169.7	53.9	172	45.4	165.3	-999.00 	-999.00 	-999.00 	-999.00 
20130310	160000	-999.00 	-999.00 	-999.00 	-999.00 	-999.00 	-999.00 	-999.00 	-999.00 	32.2	156.6	48.3	188.8	38	193.8	27.9	189.7	22.6	198	12.7	169.1	3.4	116.6	-999.00 	-999.00 	-999.00 	-999.00 
20130310	170000	-999.00 	-999.00 	-999.00 	-999.00 	-999.00 	-999.00 	-999.00 	-999.00 	13.7	1.3	18.3	332	26.6	344.8	35.4	350.1	43.6	350.9	45.4	355.8	45.1	354.9	-999.00 	-999.00 	-999.00 	-999.00 
20130310	180000	-999.00 	-999.00 	-999.00 	-999.00 	-999.00 	-999.00 	-999.00 	-999.00 	98.1	350	92.7	352.8	95.1	353.1	91.3	352.3	85.5	352.5	81.5	350.3	67.3	352.1	-999.00 	-999.00 	-999.00 	-999.00 
20130310	190000	-999.00 	-999.00 	-999.00 	-999.00 	-999.00 	-999.00 	124	352.9	129.2	350.9	127	353.5	120.5	353.5	109.9	352.8	112.2	351.8	103.4	348.7	85.4	347.4	-999.00 	-999.00 	-999.00 	-999.00 
20130310	200000	-999.00 	-999.00 	-999.00 	-999.00 	-999.00 	-999.00 	115.6	359.5	117	357.8	106.7	356	103.8	354.8	95.2	355.8	87.4	357.1	83	355	71.2	353.8	-999.00 	-999.00 	-999.00 	-999.00 
20130310	210000	-999.00 	-999.00 	-999.00 	-999.00 	-999.00 	-999.00 	75.9	10.3	66	6.8	63.5	0.2	59.3	358.8	48.6	357.8	52.6	357.7	47.4	357.1	44.4	355.7	-999.00 	-999.00 	-999.00 	-999.00 
20130310	220000	-999.00 	-999.00 	-999.00 	-999.00 	-999.00 	-999.00 	11.3	127.1	16	112.4	12.9	85.6	12.7	77.3	15.9	29.3	12.7	344	15.4	347.2	17.6	336.2	-999.00 	-999.00 	-999.00 	-999.00 
20130310	230000	-999.00 	-999.00 	-999.00 	-999.00 	-999.00 	-999.00 	40.3	163.3	64.6	164.8	58.2	161.5	48.9	162.6	41.1	152.8	33.7	160.4	25.1	173.6	25.5	181.3	-999.00 	-999.00 	-999.00 	-999.00 
20130311	00000	-999.00 	-999.00 	-999.00 	-999.00 	-999.00 	-999.00 	-999.00 	-999.00 	85.2	163.1	89.6	168.1	73.9	170.4	62.5	178.6	54.3	184.1	49.3	174.7	42	179.4	-999.00 	-999.00 	-999.00 	-999.00 
20130311	10000	-999.00 	-999.00 	-999.00 	-999.00 	-999.00 	-999.00 	-999.00 	-999.00 	117.1	165.9	123.4	168.8	106.5	173.1	89.1	171.7	84.7	168.8	79.5	169.2	68	172.7	-999.00 	-999.00 	-999.00 	-999.00 
20130311	20000	-999.00 	-999.00 	-999.00 	-999.00 	-999.00 	-999.00 	-999.00 	-999.00 	-999.00 	-999.00 	149.5	169.8	131.6	169.8	117.7	169.7	100.3	166.3	89.3	169	78.4	165.2	-999.00 	-999.00 	-999.00 	-999.00 
20130311	30000	-999.00 	-999.00 	-999.00 	-999.00 	-999.00 	-999.00 	-999.00 	-999.00 	-999.00 	-999.00 	141	172.8	132.2	172.2	124.3	166.8	116.9	166.1	101.9	163.1	88.2	163.5	-999.00 	-999.00 	-999.00 	-999.00 
20130311	40000	-999.00 	-999.00 	-999.00 	-999.00 	-999.00 	-999.00 	-999.00 	-999.00 	-999.00 	-999.00 	84.4	180.5	83.1	175	72.5	173.3	68.6	167.8	60.6	166.4	52.3	162.8	-999.00 	-999.00 	-999.00 	-999.00 
20130311	50000	-999.00 	-999.00 	-999.00 	-999.00 	-999.00 	-999.00 	-999.00 	-999.00 	-999.00 	-999.00 	27.2	181.1	24.9	186.5	20.1	183.7	9.5	155.8	4.5	70.3	11.2	354.3	-999.00 	-999.00 	-999.00 	-999.00 
20130311	60000	-999.00 	-999.00 	-999.00 	-999.00 	-999.00 	-999.00 	-999.00 	-999.00 	34.2	340.5	44.7	337.8	52.4	341.1	51.5	343.9	55.7	348.6	55.9	349.9	53.1	354.4	-999.00 	-999.00 	-999.00 	-999.00 
20130311	70000	-999.00 	-999.00 	-999.00 	-999.00 	-999.00 	-999.00 	-999.00 	-999.00 	73.1	339.8	76.7	345	82.3	351.1	83.2	353.2	78.2	350	69.1	354.3	54.1	355.8	-999.00 	-999.00 	-999.00 	-999.00 
20130311	80000	-999.00 	-999.00 	-999.00 	-999.00 	-999.00 	-999.00 	-999.00 	-999.00 	90.6	357.2	89.3	359.9	90.3	359.3	84.2	359.7	77.6	355.3	73.4	354.6	61.3	353	-999.00 	-999.00 	-999.00 	-999.00 
20130311	90000	-999.00 	-999.00 	-999.00 	-999.00 	-999.00 	-999.00 	-999.00 	-999.00 	85.1	356.6	91.7	355.2	91.4	357.3	92.4	352.4	89.9	350.5	82.4	349.1	69	349	-999.00 	-999.00 	-999.00 	-999.00 
20130311	100000	-999.00 	-999.00 	-999.00 	-999.00 	-999.00 	-999.00 	67.5	342.1	81.7	355.7	80.5	358.6	79	1.3	78.7	0.7	69.6	357.6	61.8	355.4	52.7	356.6	-999.00 	-999.00 	-999.00 	-999.00 
20130311	110000	-999.00 	-999.00 	-999.00 	-999.00 	-999.00 	-999.00 	41.8	347	47.6	7.2	47.2	8.4	45.2	5	40.8	0.8	32.2	4.5	30.3	1.1	23.3	353.9	-999.00 	-999.00 	-999.00 	-999.00 
20130311	120000	-999.00 	-999.00 	-999.00 	-999.00 	-999.00 	-999.00 	2.1	299.1	8.3	46	14.1	76.8	11.7	66.3	9.4	99.8	8.5	137.9	5.4	200.4	14.2	189.3	-999.00 	-999.00 	-999.00 	-999.00 
20130311	130000	-999.00 	-999.00 	-999.00 	-999.00 	-999.00 	-999.00 	-999.00 	-999.00 	68.4	163.3	71.2	160.8	69.4	159.1	61.8	161.5	51.7	172.9	51.2	173.4	45.5	175.8	-999.00 	-999.00 	-999.00 	-999.00 
20130311	140000	-999.00 	-999.00 	-999.00 	-999.00 	-999.00 	-999.00 	-999.00 	-999.00 	102.5	171	105.2	168.6	89.5	170.9	80.8	176.4	80.6	174.9	68.5	171.9	55.7	170.8	-999.00 	-999.00 	-999.00 	-999.00 
20130311	150000	-999.00 	-999.00 	-999.00 	-999.00 	-999.00 	-999.00 	-999.00 	-999.00 	100.5	177.5	118	178.5	107.3	175.9	98	175.4	87.8	173.7	73.3	171.8	61.7	170.9	-999.00 	-999.00 	-999.00 	-999.00 
20130311	160000	-999.00 	-999.00 	-999.00 	-999.00 	-999.00 	-999.00 	-999.00 	-999.00 	87.2	179.6	93.4	179.9	83.1	176.3	64.3	173.8	56.3	165.8	41.6	163	34.5	151.7	-999.00 	-999.00 	-999.00 	-999.00 
20130311	170000	-999.00 	-999.00 	-999.00 	-999.00 	-999.00 	-999.00 	-999.00 	-999.00 	36.2	191.8	32.2	201.9	18.7	183.4	2.5	173.2	2.1	22.8	9.7	4.1	15.3	0	-999.00 	-999.00 	-999.00 	-999.00 
20130311	180000	-999.00 	-999.00 	-999.00 	-999.00 	-999.00 	-999.00 	-999.00 	-999.00 	20.2	11.1	30.6	359.1	40	2.6	56.5	4.7	58.6	0.1	54.6	352.1	47.4	350.7	-999.00 	-999.00 	-999.00 	-999.00 
20130311	190000	-999.00 	-999.00 	-999.00 	-999.00 	-999.00 	-999.00 	92.1	343.3	86.9	349.8	87.6	353.8	83.7	353.6	85.4	352.5	74.3	355.1	68	357.6	58.1	356.3	-999.00 	-999.00 	-999.00 	-999.00 
20130311	200000	-999.00 	-999.00 	-999.00 	-999.00 	-999.00 	-999.00 	99.5	349.3	96.6	351.6	98.8	353.4	95.4	356	88.1	354.6	84.3	356.2	76.6	353.6	64.1	358.7	-999.00 	-999.00 	-999.00 	-999.00 
20130311	210000	-999.00 	-999.00 	-999.00 	-999.00 	-999.00 	-999.00 	97.5	356.7	103.5	357.5	104.3	355.9	100.7	358.1	94.1	354.8	89	358.6	80.7	356.8	66.3	356.5	-999.00 	-999.00 	-999.00 	-999.00 
20130311	220000	-999.00 	-999.00 	-999.00 	-999.00 	-999.00 	-999.00 	74.8	6.4	68.7	4.4	67.1	7.3	64.7	5.9	62.5	2	55.7	1.5	55.4	0.4	42.2	356.6	-999.00 	-999.00 	-999.00 	-999.00 
20130311	230000	-999.00 	-999.00 	-999.00 	-999.00 	-999.00 	-999.00 	21.1	68	24.1	57.9	26.1	37.8	24.2	20.3	27.4	26	23.8	22.7	14.8	23.4	16.8	354.2	-999.00 	-999.00 	-999.00 	-999.00 
20130312	00000	-999.00 	-999.00 	-999.00 	-999.00 	-999.00 	-999.00 	55.1	153.3	69.3	151.9	63.1	158	51.6	154.6	53.3	159.4	44.1	154.8	32.3	164.9	31.1	182.9	-999.00 	-999.00 	-999.00 	-999.00 
20130312	10000	-999.00 	-999.00 	-999.00 	-999.00 	-999.00 	-999.00 	-999.00 	-999.00 	112.6	161.5	107.2	160.9	98.2	166.8	89.9	167.3	81.4	166	74.1	168.9	67.8	169.4	-999.00 	-999.00 	-999.00 	-999.00 
20130312	20000	-999.00 	-999.00 	-999.00 	-999.00 	-999.00 	-999.00 	-999.00 	-999.00 	141.2	171.1	149.5	167.5	132.5	169.3	118	171.5	111.9	170.3	99.8	170.9	88.4	169.8	-999.00 	-999.00 	-999.00 	-999.00 
20130312	30000	-999.00 	-999.00 	-999.00 	-999.00 	-999.00 	-999.00 	-999.00 	-999.00 	124.2	177.2	137	172.5	135.8	169.5	129.3	170.8	122.8	169.7	112.6	169.6	97.9	170.5	-999.00 	-999.00 	-999.00 	-999.00 
20130312	40000	-999.00 	-999.00 	-999.00 	-999.00 	-999.00 	-999.00 	-999.00 	-999.00 	-999.00 	-999.00 	109.1	177.4	108.3	172.3	97.8	172.7	93.5	170.2	88.9	171.2	75.5	169.3	-999.00 	-999.00 	-999.00 	-999.00 
20130312	50000	-999.00 	-999.00 	-999.00 	-999.00 	-999.00 	-999.00 	-999.00 	-999.00 	-999.00 	-999.00 	65.3	185.7	60	185.9	57.1	185.5	49.6	188.9	43.3	183.7	32.8	178.6	-999.00 	-999.00 	-999.00 	-999.00 
20130312	60000	-999.00 	-999.00 	-999.00 	-999.00 	-999.00 	-999.00 	-999.00 	-999.00 	15	245.7	11.2	212.6	12.7	221.5	5.5	266.9	7.1	293.3	6.1	313.7	11.9	309.6	-999.00 	-999.00 	-999.00 	-999.00 
20130312	70000	-999.00 	-999.00 	-999.00 	-999.00 	-999.00 	-999.00 	-999.00 	-999.00 	41.7	330.9	43.4	333.1	49.5	351.4	51.9	357.6	47.5	353.9	40.6	352.5	40.7	345.6	-999.00 	-999.00 	-999.00 	-999.00 
20130312	80000	-999.00 	-999.00 	-999.00 	-999.00 	-999.00 	-999.00 	-999.00 	-999.00 	82	350.8	79.6	353.2	76.2	353.3	71.5	356.9	71.5	354.1	71.5	351.1	57.7	342.8	-999.00 	-999.00 	-999.00 	-999.00 
20130312	90000	-999.00 	-999.00 	-999.00 	-999.00 	-999.00 	-999.00 	92.2	351.4	85.6	4	94.3	5.3	95.1	5.1	90	358	88.2	359	78.9	353.2	69.2	355.4	-999.00 	-999.00 	-999.00 	-999.00 
20130312	100000	-999.00 	-999.00 	-999.00 	-999.00 	-999.00 	-999.00 	57.7	5.6	74.7	6.5	69.2	3.6	66.7	359.3	64.7	354.1	54.8	353.4	54.6	355.7	44.6	350.1	-999.00 	-999.00 	-999.00 	-999.00 
20130312	110000	-999.00 	-999.00 	-999.00 	-999.00 	-999.00 	-999.00 	52	354.3	41.5	0.7	36.3	9.5	36.9	17.5	32.1	20	26.9	1.1	21.5	3.5	18.4	343.2	-999.00 	-999.00 	-999.00 	-999.00 
20130312	120000	-999.00 	-999.00 	-999.00 	-999.00 	-999.00 	-999.00 	10.7	47.6	10.7	93.2	11.4	88	12.5	96.4	9.6	139.2	8.6	133.6	9.6	159.9	12.3	202	-999.00 	-999.00 	-999.00 	-999.00 
20130312	130000	-999.00 	-999.00 	-999.00 	-999.00 	-999.00 	-999.00 	-999.00 	-999.00 	64.3	169.7	65.6	157.9	61.6	152	66.5	158.8	54	168.6	40.9	173.8	37.3	178	-999.00 	-999.00 	-999.00 	-999.00 
20130312	140000	-999.00 	-999.00 	-999.00 	-999.00 	-999.00 	-999.00 	-999.00 	-999.00 	87.6	168.6	98.7	165.6	99.7	162.7	98.8	161.9	86.7	160.9	68.1	169.7	58.4	163	-999.00 	-999.00 	-999.00 	-999.00 
20130312	150000	-999.00 	-999.00 	-999.00 	-999.00 	-999.00 	-999.00 	-999.00 	-999.00 	117.4	169	101.4	167.7	100.6	168.1	91.4	165	88.6	166.5	82.5	167.5	70.5	164.1	-999.00 	-999.00 	-999.00 	-999.00 
20130312	160000	-999.00 	-999.00 	-999.00 	-999.00 	-999.00 	-999.00 	-999.00 	-999.00 	-999.00 	-999.00 	84.7	165.2	81.5	168.1	71.6	167.1	79.3	168.3	79.8	175.1	64.7	173.8	-999.00 	-999.00 	-999.00 	-999.00 
20130312	170000	-999.00 	-999.00 	-999.00 	-999.00 	-999.00 	-999.00 	-999.00 	-999.00 	-999.00 	-999.00 	68.9	170.7	63.3	171.3	61.1	169.6	47.7	168.5	36.8	169	27.2	166.6	-999.00 	-999.00 	-999.00 	-999.00 
20130312	180000	-999.00 	-999.00 	-999.00 	-999.00 	-999.00 	-999.00 	-999.00 	-999.00 	4.8	202.3	10.9	144.7	0.2	270	2.9	301	7.6	313.4	5.9	331.7	6.2	355.4	-999.00 	-999.00 	-999.00 	-999.00 
20130312	190000	-999.00 	-999.00 	-999.00 	-999.00 	-999.00 	-999.00 	-999.00 	-999.00 	57.1	331	59.5	339	71.2	351	72.7	355	77.6	356.2	71.7	355.4	55.1	354.8	-999.00 	-999.00 	-999.00 	-999.00 
20130312	200000	-999.00 	-999.00 	-999.00 	-999.00 	-999.00 	-999.00 	122.9	354.3	109.4	351.8	110.5	352.6	102	351.3	101.3	349.4	98.3	353.1	86.8	351.2	75.5	352.1	-999.00 	-999.00 	-999.00 	-999.00 
20130312	210000	-999.00 	-999.00 	-999.00 	-999.00 	-999.00 	-999.00 	105.5	352.9	110.8	356.3	122.3	357.6	114.6	356.1	108.6	353.1	98.5	355.6	85.9	354.1	78	352.6	-999.00 	-999.00 	-999.00 	-999.00 
20130312	220000	-999.00 	-999.00 	-999.00 	-999.00 	-999.00 	-999.00 	74.8	358	90.3	4.8	86.6	5.2	88.9	0.3	81.8	358.8	78.8	357.1	71.4	355.6	64	353.5	-999.00 	-999.00 	-999.00 	-999.00 
20130312	230000	-999.00 	-999.00 	-999.00 	-999.00 	-999.00 	-999.00 	47.3	37.2	37.7	23.9	43.6	15.4	42.7	4.2	37.8	0	28.9	341.4	28.5	344.7	24.9	336.3	-999.00 	-999.00 	-999.00 	-999.00 
20130313	00000	-999.00 	-999.00 	-999.00 	-999.00 	-999.00 	-999.00 	19.20 	162.40 	42.40 	165.70 	36.9	155.3	25.6	147.1	13.8	126.5	3.3	128.9	7.7	171.8	9.2	197.7	-999.00 	-999.00 	-999.00 	-999.00 
20130313	10000	-999.00 	-999.00 	-999.00 	-999.00 	-999.00 	-999.00 	44.20 	164.10 	68.60 	156.50 	66.9	161.3	69.7	163.2	60.2	166.6	52.3	170.4	46.5	174.9	36	175.9	-999.00 	-999.00 	-999.00 	-999.00 
20130313	20000	-999.00 	-999.00 	-999.00 	-999.00 	-999.00 	-999.00 	-999.00 	-999.00 	108.50 	164.00 	115.2	163.9	100.2	167.3	86	172.7	75.6	169.6	65.8	174.4	54.6	177.1	-999.00 	-999.00 	-999.00 	-999.00 
20130313	30000	-999.00 	-999.00 	-999.00 	-999.00 	-999.00 	-999.00 	-999.00 	-999.00 	128.30 	168.90 	137.8	169.2	121.6	169.8	104.2	170.6	93.9	170.5	85.7	172.1	78.7	173.9	-999.00 	-999.00 	-999.00 	-999.00 
20130313	40000	-999.00 	-999.00 	-999.00 	-999.00 	-999.00 	-999.00 	-999.00 	-999.00 	-999.00 	-999.00 	128.9	166.5	122	167.1	107.7	167.6	92.2	166.7	83.9	170.3	69.3	168	-999.00 	-999.00 	-999.00 	-999.00 
20130313	50000	-999.00 	-999.00 	-999.00 	-999.00 	-999.00 	-999.00 	-999.00 	-999.00 	-999.00 	-999.00 	100.7	174.2	98.8	172.2	87	171.1	80.8	169.1	73.7	168.2	63.5	166.2	-999.00 	-999.00 	-999.00 	-999.00 
20130313	60000	-999.00 	-999.00 	-999.00 	-999.00 	-999.00 	-999.00 	-999.00 	-999.00 	-999.00 	-999.00 	43.4	185.8	29.8	193.8	23.3	186.7	19.7	172.1	10.5	177.3	10.1	145.5	-999.00 	-999.00 	-999.00 	-999.00 
20130313	70000	-999.00 	-999.00 	-999.00 	-999.00 	-999.00 	-999.00 	-999.00 	-999.00 	45.90 	340.80 	52.4	341.4	52.2	349.9	53.9	358.7	51.8	359.4	41.4	348.6	36.9	348.4	-999.00 	-999.00 	-999.00 	-999.00 
20130313	80000	-999.00 	-999.00 	-999.00 	-999.00 	-999.00 	-999.00 	-999.00 	-999.00 	95.20 	355.20 	93	352.8	97.9	354.6	84.4	352.5	84.4	349.3	77.2	347.7	66.3	345.1	-999.00 	-999.00 	-999.00 	-999.00 
20130313	90000	-999.00 	-999.00 	-999.00 	-999.00 	-999.00 	-999.00 	-999.00 	-999.00 	105.50 	355.10 	104.8	357.2	96	0.9	91.8	356.5	92.7	357.5	81.6	355.5	71.6	352.5	-999.00 	-999.00 	-999.00 	-999.00 
20130313	100000	-999.00 	-999.00 	-999.00 	-999.00 	-999.00 	-999.00 	55.10 	357.40 	77.30 	356.90 	87.1	2.6	81.6	0.3	73.6	355.1	70.6	354.9	67	357.8	54.9	358.3	-999.00 	-999.00 	-999.00 	-999.00 
20130313	110000	-999.00 	-999.00 	-999.00 	-999.00 	-999.00 	-999.00 	44.50 	4.50 	47.00 	7.60 	50.3	0.8	46.5	356.7	42	349.3	41.1	352.9	34.8	355.9	29.2	344.5	-999.00 	-999.00 	-999.00 	-999.00 
20130313	120000	-999.00 	-999.00 	-999.00 	-999.00 	-999.00 	-999.00 	18.60 	118.20 	20.50 	70.10 	19.6	46.9	18.3	20.8	19.8	9.9	16.4	358.6	8.3	2.1	5.3	339.2	-999.00 	-999.00 	-999.00 	-999.00 
20130313	130000	-999.00 	-999.00 	-999.00 	-999.00 	-999.00 	-999.00 	-999.00 	-999.00 	44.30 	159.40 	36.6	155	29.2	148.6	21.9	135.6	17.4	151.5	19	166.6	20.4	171.8	-999.00 	-999.00 	-999.00 	-999.00 
20130313	140000	-999.00 	-999.00 	-999.00 	-999.00 	-999.00 	-999.00 	-999.00 	-999.00 	84.80 	163.20 	80.7	165.4	66.1	171.8	59.4	173.3	53.4	173.9	45.7	177.7	42.4	176.1	-999.00 	-999.00 	-999.00 	-999.00 
20130313	150000	-999.00 	-999.00 	-999.00 	-999.00 	-999.00 	-999.00 	-999.00 	-999.00 	104.30 	162.20 	115.2	165.9	103.7	168.4	93.6	173.1	81.4	171.4	68.9	172.1	58.8	169.3	-999.00 	-999.00 	-999.00 	-999.00 
20130313	160000	-999.00 	-999.00 	-999.00 	-999.00 	-999.00 	-999.00 	-999.00 	-999.00 	-999.00 	-999.00 	126.8	172.9	115.9	172.4	105.2	168.9	84	169.5	69.5	171.6	65.1	167.7	-999.00 	-999.00 	-999.00 	-999.00 
20130313	170000	-999.00 	-999.00 	-999.00 	-999.00 	-999.00 	-999.00 	-999.00 	-999.00 	-999.00 	-999.00 	130.9	178.1	118.8	171.3	106.5	168.9	95.5	165.1	77.3	160.9	58.8	159.5	-999.00 	-999.00 	-999.00 	-999.00 
20130313	180000	-999.00 	-999.00 	-999.00 	-999.00 	-999.00 	-999.00 	-999.00 	-999.00 	-999.00 	-999.00 	71.6	177.8	59.8	179.6	38	173.3	32.8	164.6	21.2	162.2	12.9	168.9	-999.00 	-999.00 	-999.00 	-999.00 
20130313	190000	-999.00 	-999.00 	-999.00 	-999.00 	-999.00 	-999.00 	-999.00 	-999.00 	14.40 	336.30 	14.8	350.3	25.8	356.2	32.3	1.8	40.9	7.7	49.2	358.4	41.5	343.5	-999.00 	-999.00 	-999.00 	-999.00 
20130313	200000	-999.00 	-999.00 	-999.00 	-999.00 	-999.00 	-999.00 	-999.00 	-999.00 	93.20 	354.90 	92.4	355	86.7	354.2	86.3	353.2	78.1	350.3	68.9	348.6	63.5	348.1	-999.00 	-999.00 	-999.00 	-999.00 
20130313	210000	-999.00 	-999.00 	-999.00 	-999.00 	-999.00 	-999.00 	-999.00 	-999.00 	125.80 	351.70 	123	349.7	116.4	352.1	114.2	354.9	102.1	357	94.6	352.7	89.1	352.1	-999.00 	-999.00 	-999.00 	-999.00 
20130313	220000	-999.00 	-999.00 	-999.00 	-999.00 	-999.00 	-999.00 	99.10 	357.50 	112.30 	358.80 	113.8	359.6	106.3	356.3	101.4	357.9	95	355.3	86.9	355.2	84.4	355.6	-999.00 	-999.00 	-999.00 	-999.00 
20130313	230000	-999.00 	-999.00 	-999.00 	-999.00 	-999.00 	-999.00 	76.30 	1.10 	72.60 	4.80 	69.8	2.4	71.2	357.9	68	359.8	63.7	359.1	58.8	354.5	46.6	0.9	-999.00 	-999.00 	-999.00 	-999.00 
20130314	00000	-999.00 	-999.00 	-999.00 	-999.00 	-999.00 	-999.00 	17.40 	87.40 	22.10 	77.50 	17.3	50.4	16.7	25.5	22.3	6.7	26.4	345.8	18	358.4	19.9	343.7	-999.00 	-999.00 	-999.00 	-999.00 
20130314	10000	-999.00 	-999.00 	-999.00 	-999.00 	-999.00 	-999.00 	48.80 	161.90 	43.40 	155.30 	30.2	157.2	20.6	156.6	16.4	147.2	13.1	153.6	9.1	149.5	3.8	198.4	-999.00 	-999.00 	-999.00 	-999.00 
20130314	20000	-999.00 	-999.00 	-999.00 	-999.00 	-999.00 	-999.00 	-999.00 	-999.00 	76.10 	169.40 	73.8	172	65	177.3	53.4	175.6	44.4	182.1	40.8	180.4	33.9	172.7	-999.00 	-999.00 	-999.00 	-999.00 
20130314	30000	-999.00 	-999.00 	-999.00 	-999.00 	-999.00 	-999.00 	-999.00 	-999.00 	99.50 	165.70 	107.2	163.9	89.2	171.1	76.9	169.5	59.8	167.5	57.9	175.7	53.1	173.6	-999.00 	-999.00 	-999.00 	-999.00 
20130314	40000	-999.00 	-999.00 	-999.00 	-999.00 	-999.00 	-999.00 	-999.00 	-999.00 	124.20 	169.20 	121.8	168.3	106.7	168.5	93.5	169.9	83.9	170.5	73.4	170	66.1	167.3	-999.00 	-999.00 	-999.00 	-999.00 
20130314	50000	-999.00 	-999.00 	-999.00 	-999.00 	-999.00 	-999.00 	-999.00 	-999.00 	-999.00 	-999.00 	138.1	177.7	126.1	173.5	112	167.3	95.2	162.3	77.9	156.2	58.8	150.8	-999.00 	-999.00 	-999.00 	-999.00 
20130314	60000	-999.00 	-999.00 	-999.00 	-999.00 	-999.00 	-999.00 	-999.00 	-999.00 	-999.00 	-999.00 	93.7	174.4	73.3	168.7	57.3	159.8	46.3	156.3	39	152.5	26.2	143.2	-999.00 	-999.00 	-999.00 	-999.00 
20130314	70000	-999.00 	-999.00 	-999.00 	-999.00 	-999.00 	-999.00 	-999.00 	-999.00 	31.70 	167.60 	10.4	355.6	26.1	351.4	29.2	352.3	29.7	351.7	32.7	355.6	35.4	353.7	-999.00 	-999.00 	-999.00 	-999.00 
20130314	80000	-999.00 	-999.00 	-999.00 	-999.00 	-999.00 	-999.00 	-999.00 	-999.00 	64.30 	357.60 	74.2	358.1	89.5	1.9	102	1.3	95.8	358.6	78.8	358.1	64.3	358.8	-999.00 	-999.00 	-999.00 	-999.00 
20130314	90000	-999.00 	-999.00 	-999.00 	-999.00 	-999.00 	-999.00 	-999.00 	-999.00 	105.40 	357.10 	104.7	356.2	105.5	355.8	91.6	355.1	90.7	358.3	84.1	354	79.9	353.6	-999.00 	-999.00 	-999.00 	-999.00 
20130314	100000	-999.00 	-999.00 	-999.00 	-999.00 	-999.00 	-999.00 	86.30 	341.50 	91.50 	356.20 	100.4	357.6	89.3	355.9	87.4	356.8	81	358.1	73.7	357.3	69.2	1.2	-999.00 	-999.00 	-999.00 	-999.00 
20130314	110000	-999.00 	-999.00 	-999.00 	-999.00 	-999.00 	-999.00 	72.30 	346.30 	77.10 	353.90 	79	355.6	73.6	0	70	359.4	67	355.5	60.3	355	54.5	354.4	-999.00 	-999.00 	-999.00 	-999.00 
20130314	120000	-999.00 	-999.00 	-999.00 	-999.00 	-999.00 	-999.00 	51.70 	351.10 	50.10 	0.30 	53.7	4.4	47.4	5.1	42.6	4.3	48	359.2	42.2	357	35.4	353.7	-999.00 	-999.00 	-999.00 	-999.00 
20130314	130000	-999.00 	-999.00 	-999.00 	-999.00 	-999.00 	-999.00 	30.00 	8.40 	32.20 	21.10 	27.3	19.5	22	18.9	26.5	20.6	19.9	22.8	17.4	359.3	23.5	2	-999.00 	-999.00 	-999.00 	-999.00 
20130314	140000	-999.00 	-999.00 	-999.00 	-999.00 	-999.00 	-999.00 	35.70 	205.20 	31.70 	173.70 	28.6	161.6	21.6	157.7	20.6	148.5	16.6	160.3	17.1	166.9	26.4	163.5	-999.00 	-999.00 	-999.00 	-999.00 
20130314	150000	-999.00 	-999.00 	-999.00 	-999.00 	-999.00 	-999.00 	-999.00 	-999.00 	73.70 	163.90 	75.7	166.9	69.9	173.3	72.1	175.4	71.2	179.1	58.2	177.5	50.5	177.3	-999.00 	-999.00 	-999.00 	-999.00 
20130314	160000	-999.00 	-999.00 	-999.00 	-999.00 	-999.00 	-999.00 	-999.00 	-999.00 	103.90 	176.00 	108.5	174.7	107.8	172.3	92	172.4	87.9	173.2	82.2	171.5	68.4	168.2	-999.00 	-999.00 	-999.00 	-999.00 
20130314	170000	-999.00 	-999.00 	-999.00 	-999.00 	-999.00 	-999.00 	-999.00 	-999.00 	120.40 	190.20 	123.5	185.3	115.3	173.8	104.2	167	86.5	163.1	75.2	164.3	67	158.4	-999.00 	-999.00 	-999.00 	-999.00 
20130314	180000	-999.00 	-999.00 	-999.00 	-999.00 	-999.00 	-999.00 	-999.00 	-999.00 	81.90 	198.40 	81.7	185.9	79.6	181.2	71.8	174.3	59	165.4	56.1	160.5	42.7	156.1	-999.00 	-999.00 	-999.00 	-999.00 
20130314	190000	-999.00 	-999.00 	-999.00 	-999.00 	-999.00 	-999.00 	-999.00 	-999.00 	26.70 	217.70 	18.9	197.3	13.7	187.9	8.7	130.3	10	67	10.7	26.6	9.9	353.6	-999.00 	-999.00 	-999.00 	-999.00 
20130314	200000	-999.00 	-999.00 	-999.00 	-999.00 	-999.00 	-999.00 	-999.00 	-999.00 	45.80 	352.50 	49.7	358.5	51.3	357.9	52.7	356	51.4	350.8	37	352.7	32.4	347.2	-999.00 	-999.00 	-999.00 	-999.00 
20130314	210000	-999.00 	-999.00 	-999.00 	-999.00 	-999.00 	-999.00 	-999.00 	-999.00 	71.80 	357.60 	72.2	354.8	67.2	351.4	72.2	354.5	58.9	352.5	49.9	351	38.9	350.1	-999.00 	-999.00 	-999.00 	-999.00 
20130314	220000	-999.00 	-999.00 	-999.00 	-999.00 	-999.00 	-999.00 	67.20 	343.60 	86.10 	355.30 	77.5	353.2	80.2	355.9	85.4	354.4	80	356	70.8	353.8	57	355.1	-999.00 	-999.00 	-999.00 	-999.00 
20130314	230000	-999.00 	-999.00 	-999.00 	-999.00 	-999.00 	-999.00 	76.90 	347.80 	86.70 	353.80 	90.5	356.9	89.4	355.2	81.6	355.5	75.4	358.3	67.8	356.7	61.8	352.8	-999.00 	-999.00 	-999.00 	-999.00 
20130315	00000	-999.00 	-999.00 	-999.00 	-999.00 	-999.00 	-999.00 	65.80 	346.60 	73.20 	351.80 	66.3	355.7	64	358.4	61.2	356.8	63.7	354.7	50.1	356.2	49.1	354.6	-999.00 	-999.00 	-999.00 	-999.00 
20130315	10000	-999.00 	-999.00 	-999.00 	-999.00 	-999.00 	-999.00 	42.9	356.1	36.3	4.4	35	8.4	30.4	2.5	30.1	359.4	32.6	340.7	24.6	348.3	23.6	342.5	-999.00 	-999.00 	-999.00 	-999.00 
20130315	20000	-999.00 	-999.00 	-999.00 	-999.00 	-999.00 	-999.00 	15.2	162.8	12.6	137.6	13.7	113.6	17.3	148	10.4	168.9	13.5	180.4	23.9	181.2	18.6	183.4	-999.00 	-999.00 	-999.00 	-999.00 
20130315	30000	-999.00 	-999.00 	-999.00 	-999.00 	-999.00 	-999.00 	-999.00 	-999.00 	85.1	164.1	79.2	165.5	69.4	169.4	58.8	173.4	55.3	171.7	49.7	176.2	45.5	174.4	-999.00 	-999.00 	-999.00 	-999.00 
20130315	40000	-999.00 	-999.00 	-999.00 	-999.00 	-999.00 	-999.00 	-999.00 	-999.00 	107.6	168.9	117.4	167.4	107.3	170	84.5	169.8	77.4	172.9	70.2	170.6	59	175.9	-999.00 	-999.00 	-999.00 	-999.00 
20130315	50000	-999.00 	-999.00 	-999.00 	-999.00 	-999.00 	-999.00 	-999.00 	-999.00 	114.7	179.3	121.4	172.6	104.5	167.1	81.8	169.1	70.4	168.9	60.1	162.2	53.6	173.6	-999.00 	-999.00 	-999.00 	-999.00 
20130315	60000	-999.00 	-999.00 	-999.00 	-999.00 	-999.00 	-999.00 	-999.00 	-999.00 	90.3	186.4	99.9	185.2	93.9	178.3	75.8	169.7	63.4	163.8	45	158.6	30.7	143.6	-999.00 	-999.00 	-999.00 	-999.00 
20130315	70000	-999.00 	-999.00 	-999.00 	-999.00 	-999.00 	-999.00 	-999.00 	-999.00 	32.9	185.8	30.3	167	21.5	157.3	19.1	147	7.9	112.3	6	63.4	10	350.3	-999.00 	-999.00 	-999.00 	-999.00 
20130315	80000	-999.00 	-999.00 	-999.00 	-999.00 	-999.00 	-999.00 	-999.00 	-999.00 	35.2	18.7	34.4	11.2	41	4.3	52.2	4.5	54	1.8	55.4	2.2	50.4	351.9	-999.00 	-999.00 	-999.00 	-999.00 
20130315	90000	-999.00 	-999.00 	-999.00 	-999.00 	-999.00 	-999.00 	56.6	344.7	76.4	357.4	82.4	356.7	74.1	355.5	70.8	351.1	71.2	348.8	61.4	349.1	54.5	349.6	-999.00 	-999.00 	-999.00 	-999.00 
20130315	100000	-999.00 	-999.00 	-999.00 	-999.00 	-999.00 	-999.00 	72.9	358.7	78.5	354.9	80.9	356.5	80.5	355.4	71.6	358.3	70	353.4	66.2	354.1	59.3	352.4	-999.00 	-999.00 	-999.00 	-999.00 
20130315	110000	-999.00 	-999.00 	-999.00 	-999.00 	-999.00 	-999.00 	51.9	357.5	65.3	359.3	67.3	1.5	64.8	355.8	65.5	356.1	59.8	355.4	51.1	352.6	43.4	351.3	-999.00 	-999.00 	-999.00 	-999.00 
20130315	120000	-999.00 	-999.00 	-999.00 	-999.00 	-999.00 	-999.00 	38.6	6.2	42.8	6.8	44.4	1.2	49	352.6	42	355.4	41.7	352.3	27.5	345.7	29.2	345.1	-999.00 	-999.00 	-999.00 	-999.00 
20130315	130000	-999.00 	-999.00 	-999.00 	-999.00 	-999.00 	-999.00 	17.5	104.6	16	85	14.6	45	14.1	7.3	17.3	2	14.3	4.8	17.7	353.2	13.2	332.1	-999.00 	-999.00 	-999.00 	-999.00 
20130315	140000	-999.00 	-999.00 	-999.00 	-999.00 	-999.00 	-999.00 	34.5	156.6	47.2	156.6	43.1	155.6	34.3	158.8	31	156.4	19.3	155.8	17.8	172.2	17	180.7	-999.00 	-999.00 	-999.00 	-999.00 
20130315	150000	-999.00 	-999.00 	-999.00 	-999.00 	-999.00 	-999.00 	80.1	144	72	150.3	77	156.4	69.7	158.7	70.2	167.9	61.1	171.4	48.2	178.2	42.9	180	-999.00 	-999.00 	-999.00 	-999.00 
20130315	160000	-999.00 	-999.00 	-999.00 	-999.00 	-999.00 	-999.00 	-999.00 	-999.00 	105.5	156.1	106.8	155	98.8	159.4	84.5	166.9	81.2	169.7	67.5	173.4	61.7	170.4	-999.00 	-999.00 	-999.00 	-999.00 
20130315	170000	-999.00 	-999.00 	-999.00 	-999.00 	-999.00 	-999.00 	-999.00 	-999.00 	110.9	169.6	130.3	172.9	122.6	170.8	104.5	170.3	95.1	168.2	78.8	166.4	65.6	164	-999.00 	-999.00 	-999.00 	-999.00 
20130315	180000	-999.00 	-999.00 	-999.00 	-999.00 	-999.00 	-999.00 	-999.00 	-999.00 	108.6	174.3	129.6	173.8	119.7	170	103.3	169.3	86.7	167	71.3	163.7	65.2	162.5	-999.00 	-999.00 	-999.00 	-999.00 
20130315	190000	-999.00 	-999.00 	-999.00 	-999.00 	-999.00 	-999.00 	-999.00 	-999.00 	90.8	181.1	94.7	174.7	79.9	172.5	59.3	167.3	47.2	166.5	41.5	154.4	33	152	-999.00 	-999.00 	-999.00 	-999.00 
20130315	200000	-999.00 	-999.00 	-999.00 	-999.00 	-999.00 	-999.00 	-999.00 	-999.00 	38.6	194.3	35.9	179.5	20.1	180.3	8.4	167.6	4	90	9.9	44.2	11.3	22.3	-999.00 	-999.00 	-999.00 	-999.00 
20130315	210000	-999.00 	-999.00 	-999.00 	-999.00 	-999.00 	-999.00 	-999.00 	-999.00 	25.8	4	24.5	7.5	44.7	12.7	55.3	8.4	57.7	4.1	68.9	356.4	64.9	350.1	-999.00 	-999.00 	-999.00 	-999.00 
20130315	220000	-999.00 	-999.00 	-999.00 	-999.00 	-999.00 	-999.00 	-999.00 	-999.00 	85.4	10.8	86.6	8	77.2	357.8	69.6	355.1	65.3	350.6	60.3	349.8	51.4	349.4	-999.00 	-999.00 	-999.00 	-999.00 
20130315	230000	-999.00 	-999.00 	-999.00 	-999.00 	-999.00 	-999.00 	61.1	10.7	68	7.9	68.5	5.4	70.8	357.1	62.5	354.2	59.1	355.9	58.7	350.8	50	344.2	-999.00 	-999.00 	-999.00 	-999.00 
20130316	00000	-999.00 	-999.00 	-999.00 	-999.00 	-999.00 	-999.00 	34	357.3	58.2	3.3	57.8	359.5	56.9	353.8	56.1	349.7	52.2	344.4	48.7	346.1	47.1	345.5	-999.00 	-999.00 	-999.00 	-999.00 
20130316	10000	-999.00 	-999.00 	-999.00 	-999.00 	-999.00 	-999.00 	26.7	70.3	34.7	44.6	36.6	32.6	39.6	12.4	34.5	1	35.5	346.6	35	344.3	29.2	327.9	-999.00 	-999.00 	-999.00 	-999.00 
20130316	20000	-999.00 	-999.00 	-999.00 	-999.00 	-999.00 	-999.00 	25	156.9	25.8	137	19.7	119.4	7.9	95.1	6.4	46.3	6.1	350.5	4.9	277	2.8	239.7	-999.00 	-999.00 	-999.00 	-999.00 
20130316	30000	-999.00 	-999.00 	-999.00 	-999.00 	-999.00 	-999.00 	-999.00 	-999.00 	54.7	154.8	53.5	151.8	46.6	155.1	35.8	155.4	26	161.4	20.7	170.8	20.9	178.1	-999.00 	-999.00 	-999.00 	-999.00 
20130316	40000	-999.00 	-999.00 	-999.00 	-999.00 	-999.00 	-999.00 	-999.00 	-999.00 	76.8	162.3	81.6	157.9	76.6	156	67.7	160.9	59.8	167.4	53.3	173.4	43.3	169.6	-999.00 	-999.00 	-999.00 	-999.00 
20130316	50000	-999.00 	-999.00 	-999.00 	-999.00 	-999.00 	-999.00 	-999.00 	-999.00 	86.8	178.2	97.8	170.3	97.9	171.5	88.5	170.7	86.7	166.6	77	164.3	60.1	162.6	-999.00 	-999.00 	-999.00 	-999.00 
20130316	60000	-999.00 	-999.00 	-999.00 	-999.00 	-999.00 	-999.00 	-999.00 	-999.00 	88.1	179.2	104.6	172	100.7	173.4	100.3	175	82.2	167.3	69.4	160.5	53.8	153.2	-999.00 	-999.00 	-999.00 	-999.00 
20130316	70000	-999.00 	-999.00 	-999.00 	-999.00 	-999.00 	-999.00 	-999.00 	-999.00 	69.3	188.3	71.2	180.2	62.8	184.3	57	178.4	49.9	174.7	40.5	168.2	25.1	164.7	-999.00 	-999.00 	-999.00 	-999.00 
20130316	80000	-999.00 	-999.00 	-999.00 	-999.00 	-999.00 	-999.00 	-999.00 	-999.00 	20.4	226.8	13.1	196.9	3.4	276.7	10	315.4	9.9	322.8	19.6	338.8	29.3	348.2	-999.00 	-999.00 	-999.00 	-999.00 
20130316	90000	-999.00 	-999.00 	-999.00 	-999.00 	-999.00 	-999.00 	-999.00 	-999.00 	54	344.8	57.5	345.9	63.7	357.9	70.9	358.7	68.4	358.8	63.4	2.1	48.4	358.9	-999.00 	-999.00 	-999.00 	-999.00 
20130316	100000	-999.00 	-999.00 	-999.00 	-999.00 	-999.00 	-999.00 	81.1	339	83.1	354.5	91.8	354.6	89.8	354.5	87.3	353.4	82.9	350.8	78.8	349.4	68.1	345.2	-999.00 	-999.00 	-999.00 	-999.00 
20130316	110000	-999.00 	-999.00 	-999.00 	-999.00 	-999.00 	-999.00 	90	1.1	98	359.2	97.2	357.5	88.8	356.7	83.2	354.6	80.5	355.4	75.3	354.8	65.6	353.6	-999.00 	-999.00 	-999.00 	-999.00 
20130316	120000	-999.00 	-999.00 	-999.00 	-999.00 	-999.00 	-999.00 	64.7	354.5	60.7	1	60.3	2.4	61.3	2.6	56.1	2.8	51.1	0.8	43.8	2	39.6	1.2	-999.00 	-999.00 	-999.00 	-999.00 
20130316	130000	-999.00 	-999.00 	-999.00 	-999.00 	-999.00 	-999.00 	35.7	359	25.4	57.7	26.7	45	31.9	23.7	30.5	22.4	27.8	355.9	24.3	344.5	17.6	344.6	-999.00 	-999.00 	-999.00 	-999.00 
20130316	140000	-999.00 	-999.00 	-999.00 	-999.00 	-999.00 	-999.00 	5.7	144.9	36.4	154.4	34.9	148.2	26.2	134.2	12.8	117	11.8	153.9	11	149.9	10.5	166.8	-999.00 	-999.00 	-999.00 	-999.00 
20130316	150000	-999.00 	-999.00 	-999.00 	-999.00 	-999.00 	-999.00 	41.1	150.7	58.6	150.8	58.1	151.8	51.4	159	45.1	161.9	28.9	174.4	27.4	180	26.5	180.2	-999.00 	-999.00 	-999.00 	-999.00 
20130316	160000	-999.00 	-999.00 	-999.00 	-999.00 	-999.00 	-999.00 	-999.00 	-999.00 	90.7	161.3	87.2	156.1	73	154.9	72.8	161.6	64.9	167.8	50.3	175.4	45.2	173.3	-999.00 	-999.00 	-999.00 	-999.00 
20130316	170000	-999.00 	-999.00 	-999.00 	-999.00 	-999.00 	-999.00 	-999.00 	-999.00 	91.5	171.6	109.7	171.9	110	169.3	105.2	170.3	94.1	169	72.5	162.2	60.3	157.9	-999.00 	-999.00 	-999.00 	-999.00 
20130316	180000	-999.00 	-999.00 	-999.00 	-999.00 	-999.00 	-999.00 	-999.00 	-999.00 	84	174.2	119	170.4	111.4	173	94.8	172.7	83.6	169.7	66.6	168.3	61.2	167.8	-999.00 	-999.00 	-999.00 	-999.00 
20130316	190000	-999.00 	-999.00 	-999.00 	-999.00 	-999.00 	-999.00 	-999.00 	-999.00 	-999.00 	-999.00 	107	174	96.6	174	89.1	167.3	74.7	168.3	63.7	162.4	50.5	165.6	-999.00 	-999.00 	-999.00 	-999.00 
20130316	200000	-999.00 	-999.00 	-999.00 	-999.00 	-999.00 	-999.00 	-999.00 	-999.00 	-999.00 	-999.00 	80.9	173.4	60.9	166.2	48.2	165.1	39.4	154.1	31.2	144.9	25.3	141.6	-999.00 	-999.00 	-999.00 	-999.00 
20130316	210000	-999.00 	-999.00 	-999.00 	-999.00 	-999.00 	-999.00 	-999.00 	-999.00 	23.7	206	11.5	154.3	5.5	12.5	15.2	0	16.1	15.9	27.1	18.5	26.5	24.5	-999.00 	-999.00 	-999.00 	-999.00 
20130316	220000	-999.00 	-999.00 	-999.00 	-999.00 	-999.00 	-999.00 	-999.00 	-999.00 	50.6	10	63.1	15.4	72.6	16.6	78.2	8.5	72.2	8.2	65.8	1.9	48.6	356.2	-999.00 	-999.00 	-999.00 	-999.00 
20130316	230000	-999.00 	-999.00 	-999.00 	-999.00 	-999.00 	-999.00 	-999.00 	-999.00 	77.4	7.5	80.3	4.1	77.4	356.7	73.7	358.2	71	354.2	63	352	55	350.6	-999.00 	-999.00 	-999.00 	-999.00 
20130317	00000	-999.00 	-999.00 	-999.00 	-999.00 	-999.00 	-999.00 	-999.00 	-999.00 	65.1	5	61.7	359.4	60.9	358.9	62.7	356.7	56.5	349.5	49.1	342.7	38.4	348.8	-999.00 	-999.00 	-999.00 	-999.00 
20130317	10000	-999.00 	-999.00 	-999.00 	-999.00 	-999.00 	-999.00 	-999.00 	-999.00 	34.8	19.1	35.6	13.8	37.3	10.4	37.1	1.2	42.3	351.9	34.3	342.7	28.5	344.3	-999.00 	-999.00 	-999.00 	-999.00 
20130317	20000	-999.00 	-999.00 	-999.00 	-999.00 	-999.00 	-999.00 	-999.00 	-999.00 	23.5	137.1	15.4	128.7	10.5	63.4	9.2	4.3	12.7	340.3	14.8	330.5	11	314.3	-999.00 	-999.00 	-999.00 	-999.00 
20130317	30000	-999.00 	-999.00 	-999.00 	-999.00 	-999.00 	-999.00 	-999.00 	-999.00 	34.6	142	36.2	142.8	25.2	149.8	12.1	144.7	8.3	164	8	193.7	8.5	220.2	-999.00 	-999.00 	-999.00 	-999.00 
20130317	40000	-999.00 	-999.00 	-999.00 	-999.00 	-999.00 	-999.00 	-999.00 	-999.00 	41	170.3	47	166.8	46.2	160.7	41.8	150.6	37.4	154.7	26.8	147.8	18.2	146.2	-999.00 	-999.00 	-999.00 	-999.00 
20130317	50000	-999.00 	-999.00 	-999.00 	-999.00 	-999.00 	-999.00 	-999.00 	-999.00 	47.8	169.1	61.1	167.2	58.8	169.4	51.6	174.3	32.1	165.6	23.7	179.5	22.9	175.5	-999.00 	-999.00 	-999.00 	-999.00 
20130317	60000	-999.00 	-999.00 	-999.00 	-999.00 	-999.00 	-999.00 	-999.00 	-999.00 	54.1	167.3	65.9	169.2	63.9	171.3	49.9	177.5	33.9	172.2	25.6	159.9	17	157.2	-999.00 	-999.00 	-999.00 	-999.00 
20130317	70000	-999.00 	-999.00 	-999.00 	-999.00 	-999.00 	-999.00 	-999.00 	-999.00 	35.6	168	48	165.3	46.5	172.1	35.3	184.9	20.1	174	11.4	112.7	14.5	113.2	-999.00 	-999.00 	-999.00 	-999.00 
20130317	80000	-999.00 	-999.00 	-999.00 	-999.00 	-999.00 	-999.00 	-999.00 	-999.00 	10.2	331.4	8.2	178.6	8.7	182	9.9	256.5	10	282.6	7.8	275.9	5.1	345.1	-999.00 	-999.00 	-999.00 	-999.00 
20130317	90000	-999.00 	-999.00 	-999.00 	-999.00 	-999.00 	-999.00 	-999.00 	-999.00 	18.6	358.8	36.2	356.5	43.7	347.6	47.6	354.1	57	354.2	60.1	1.9	56.8	358.9	-999.00 	-999.00 	-999.00 	-999.00 
20130317	100000	-999.00 	-999.00 	-999.00 	-999.00 	-999.00 	-999.00 	99.5	351.1	87.3	354.9	85.7	355.6	79.4	355.9	74.6	357.7	73.5	350.3	65.1	349.3	56.7	352.2	-999.00 	-999.00 	-999.00 	-999.00 
20130317	110000	-999.00 	-999.00 	-999.00 	-999.00 	-999.00 	-999.00 	89.5	350.4	90.7	353.5	89.7	357.1	94.7	357.8	85.4	357.6	73.9	357.1	70	353.6	56.8	356.7	-999.00 	-999.00 	-999.00 	-999.00 
20130317	120000	-999.00 	-999.00 	-999.00 	-999.00 	-999.00 	-999.00 	64.3	359.7	61.9	357.9	67.6	359.4	58.1	0.9	51.9	359.3	46.8	358.8	39.5	358.6	41.7	353.5	-999.00 	-999.00 	-999.00 	-999.00 
20130317	130000	-999.00 	-999.00 	-999.00 	-999.00 	-999.00 	-999.00 	50.5	14.7	35.7	26.1	28.4	19.3	28.1	9	24.9	355.6	23.2	346.8	18.2	341.8	16.3	333.4	-999.00 	-999.00 	-999.00 	-999.00 
20130317	140000	-999.00 	-999.00 	-999.00 	-999.00 	-999.00 	-999.00 	4.8	91.2	27.5	144.5	17.9	142.5	12.4	124.8	0.6	149	1.1	21.8	6.5	172	2.6	159.4	-999.00 	-999.00 	-999.00 	-999.00 
20130317	150000	-999.00 	-999.00 	-999.00 	-999.00 	-999.00 	-999.00 	15.2	141.7	49	151.3	47.1	158.6	37.9	165.6	24.2	166.4	22.2	169.9	16.5	177.9	20.9	184.9	-999.00 	-999.00 	-999.00 	-999.00 
20130317	160000	-999.00 	-999.00 	-999.00 	-999.00 	-999.00 	-999.00 	-999.00 	-999.00 	52.4	154.7	59.6	160.5	50.6	170.8	41	179.3	36	187.5	31.2	193	25	180.7	-999.00 	-999.00 	-999.00 	-999.00 
20130317	170000	-999.00 	-999.00 	-999.00 	-999.00 	-999.00 	-999.00 	-999.00 	-999.00 	64.4	168	77.2	163.9	72.1	164.2	72.2	167.3	68.3	167.7	53.1	171	38	167.7	-999.00 	-999.00 	-999.00 	-999.00 
20130317	180000	-999.00 	-999.00 	-999.00 	-999.00 	-999.00 	-999.00 	-999.00 	-999.00 	81.7	175.6	82.6	165	82	167.8	88.5	171.2	81	173.8	60.9	170.7	56.8	164.1	-999.00 	-999.00 	-999.00 	-999.00 
20130317	190000	-999.00 	-999.00 	-999.00 	-999.00 	-999.00 	-999.00 	-999.00 	-999.00 	-999.00 	-999.00 	105.7	170.8	106.7	168.1	111.3	173.1	95.5	175.3	77.8	166.7	64.3	159.5	-999.00 	-999.00 	-999.00 	-999.00 
20130317	200000	-999.00 	-999.00 	-999.00 	-999.00 	-999.00 	-999.00 	-999.00 	-999.00 	-999.00 	-999.00 	108.5	178.8	93.8	185.3	85.1	184.7	67.1	179.8	58.9	165.3	49.6	162.2	-999.00 	-999.00 	-999.00 	-999.00 
20130317	210000	-999.00 	-999.00 	-999.00 	-999.00 	-999.00 	-999.00 	-999.00 	-999.00 	-999.00 	-999.00 	74.3	189.1	60.3	191.6	43	190.3	27.2	188	17.7	159.5	11.7	136.4	-999.00 	-999.00 	-999.00 	-999.00 
20130317	220000	-999.00 	-999.00 	-999.00 	-999.00 	-999.00 	-999.00 	-999.00 	-999.00 	31.1	190.6	8	215.3	11.4	30.6	18.9	19.8	30.4	12.7	24.3	356.5	27.4	1.1	-999.00 	-999.00 	-999.00 	-999.00 
20130317	230000	-999.00 	-999.00 	-999.00 	-999.00 	-999.00 	-999.00 	-999.00 	-999.00 	9.4	30.6	22	10.5	45.9	356.1	63.3	2.7	67.9	0.4	61.6	352.9	51.4	349	-999.00 	-999.00 	-999.00 	-999.00 
20130318	00000	-999.00 	-999.00 	-999.00 	-999.00 	-999.00 	-999.00 	-999.00 	-999.00 	52.2	1.3	60.2	357.4	70.2	0.4	64.7	355.8	49.2	349.5	41.8	343.2	36.9	345.9	-999.00 	-999.00 	-999.00 	-999.00 
20130318	10000	-999.00 	-999.00 	-999.00 	-999.00 	-999.00 	-999.00 	-999.00 	-999.00 	59.1	8.1	48.7	4.1	40	4	35	357.4	33.3	350.7	32.2	341.7	26.9	327.4	-999.00 	-999.00 	-999.00 	-999.00 
20130318	20000	-999.00 	-999.00 	-999.00 	-999.00 	-999.00 	-999.00 	-999.00 	-999.00 	16.8	61.1	21.1	37.7	30.8	14.5	30.3	349.9	33.9	341.1	30.2	343.4	32.3	344.2	-999.00 	-999.00 	-999.00 	-999.00 
20130318	30000	-999.00 	-999.00 	-999.00 	-999.00 	-999.00 	-999.00 	-999.00 	-999.00 	21.1	166.8	8	100.8	9.5	56.1	10.8	3.2	15.4	323.7	18.8	322.6	10.9	322.1	-999.00 	-999.00 	-999.00 	-999.00 
20130318	40000	-999.00 	-999.00 	-999.00 	-999.00 	-999.00 	-999.00 	-999.00 	-999.00 	28	161.9	35.6	152.9	28.1	145	10.9	163.4	7.8	170.4	2.6	100.9	2.6	351.3	-999.00 	-999.00 	-999.00 	-999.00 
20130318	50000	-999.00 	-999.00 	-999.00 	-999.00 	-999.00 	-999.00 	-999.00 	-999.00 	31.2	148.5	38.5	159.3	40.5	161.9	28.7	165.7	13.6	184.6	8.3	170.3	7.7	180	-999.00 	-999.00 	-999.00 	-999.00 
20130318	60000	-999.00 	-999.00 	-999.00 	-999.00 	-999.00 	-999.00 	-999.00 	-999.00 	19.3	149.2	38	161.9	38.3	166.4	30.3	180	25.2	187.7	14.9	192.8	13.5	153.1	-999.00 	-999.00 	-999.00 	-999.00 
20130318	70000	-999.00 	-999.00 	-999.00 	-999.00 	-999.00 	-999.00 	-999.00 	-999.00 	15.7	187.3	38.9	157.8	32.2	163	39.1	187.3	23.8	183.9	13.8	193.8	7.1	157.8	-999.00 	-999.00 	-999.00 	-999.00 
20130318	80000	-999.00 	-999.00 	-999.00 	-999.00 	-999.00 	-999.00 	-999.00 	-999.00 	7	175.1	28.5	166.4	24.8	179.3	28	198.9	19.1	205.5	15.3	258.7	4	261.5	-999.00 	-999.00 	-999.00 	-999.00 
20130318	90000	-999.00 	-999.00 	-999.00 	-999.00 	-999.00 	-999.00 	-999.00 	-999.00 	7.4	211.8	4.3	203	10.7	317.6	17.5	346.1	26.4	345.5	35.5	347.1	29.8	353.3	-999.00 	-999.00 	-999.00 	-999.00 
20130318	100000	-999.00 	-999.00 	-999.00 	-999.00 	-999.00 	-999.00 	-999.00 	-999.00 	41.6	345.7	50.6	355.8	54.4	357.1	54.5	349.2	43.3	351.9	34.4	350	31.6	336.7	-999.00 	-999.00 	-999.00 	-999.00 
20130318	110000	-999.00 	-999.00 	-999.00 	-999.00 	-999.00 	-999.00 	65	2.7	76.4	349.3	74.2	347.2	74.2	350.1	62.2	348.8	57.3	352.7	54.3	354.1	44.5	342.5	-999.00 	-999.00 	-999.00 	-999.00 
20130318	120000	-999.00 	-999.00 	-999.00 	-999.00 	-999.00 	-999.00 	57.3	352.5	64	352.7	63.9	355.4	64.6	359.3	59.2	357.7	53.9	350.5	46.3	345.5	45	344.5	-999.00 	-999.00 	-999.00 	-999.00 
20130318	130000	-999.00 	-999.00 	-999.00 	-999.00 	-999.00 	-999.00 	43.7	359.5	39.7	3.8	44.4	4.8	43.8	1.3	41.8	355.2	42.5	352.3	34.2	358.7	28.6	352.6	-999.00 	-999.00 	-999.00 	-999.00 
20130318	140000	-999.00 	-999.00 	-999.00 	-999.00 	-999.00 	-999.00 	11.4	33.5	11	99.4	10.7	50.7	15.1	29.8	13.6	2.1	13	351.1	6.3	333.4	8.9	303.5	-999.00 	-999.00 	-999.00 	-999.00 
20130318	150000	-999.00 	-999.00 	-999.00 	-999.00 	-999.00 	-999.00 	-999.00 	-999.00 	33	161.3	15	154.3	18.1	164	13.9	179.2	16.3	197.9	19.2	198.5	15.6	193.7	-999.00 	-999.00 	-999.00 	-999.00 
20130318	160000	-999.00 	-999.00 	-999.00 	-999.00 	-999.00 	-999.00 	-999.00 	-999.00 	41.7	159.2	39.1	161.8	32.7	158.3	18.4	180.3	18.9	184.9	20.8	177.8	14.1	197.3	-999.00 	-999.00 	-999.00 	-999.00 
20130318	170000	-999.00 	-999.00 	-999.00 	-999.00 	-999.00 	-999.00 	-999.00 	-999.00 	54.9	157.3	54.5	151.4	51.6	156.6	46	160.4	29.8	169.6	22.4	169.7	17.8	156.2	-999.00 	-999.00 	-999.00 	-999.00 
20130318	180000	-999.00 	-999.00 	-999.00 	-999.00 	-999.00 	-999.00 	-999.00 	-999.00 	60	169.7	67.4	163.3	61.6	168.5	53.5	177.7	44.6	171.4	31.2	166.8	26.4	147.2	-999.00 	-999.00 	-999.00 	-999.00 
20130318	190000	-999.00 	-999.00 	-999.00 	-999.00 	-999.00 	-999.00 	-999.00 	-999.00 	61	168.6	87.3	173	82.5	173.5	80.4	169.3	62.2	173.2	58.9	169.9	48.5	158.5	-999.00 	-999.00 	-999.00 	-999.00 
20130318	200000	-999.00 	-999.00 	-999.00 	-999.00 	-999.00 	-999.00 	-999.00 	-999.00 	-999.00 	-999.00 	90.7	175.4	79	185.6	77.6	186.6	67.8	180.7	57.4	167.8	48.6	162.3	-999.00 	-999.00 	-999.00 	-999.00 
20130318	210000	-999.00 	-999.00 	-999.00 	-999.00 	-999.00 	-999.00 	-999.00 	-999.00 	-999.00 	-999.00 	87.9	179.7	73.3	178	66.2	180.1	53.4	172	40.6	167.9	31	156	-999.00 	-999.00 	-999.00 	-999.00 
20130318	220000	-999.00 	-999.00 	-999.00 	-999.00 	-999.00 	-999.00 	-999.00 	-999.00 	-999.00 	-999.00 	66.4	182.8	58	183.6	40.6	178	24.7	163.8	9.8	126.3	7.5	113.5	-999.00 	-999.00 	-999.00 	-999.00 
20130318	230000	-999.00 	-999.00 	-999.00 	-999.00 	-999.00 	-999.00 	-999.00 	-999.00 	9.8	274.7	35.3	198.8	27.7	205.9	10.5	193.2	3.6	3.2	17.8	356.1	24.6	354.4	-999.00 	-999.00 	-999.00 	-999.00 
20130319	00000	-999.00 	-999.00 	-999.00 	-999.00 	-999.00 	-999.00 	-999.00 	-999.00 	23.9	346.4	4.3	310.3	24.7	332.5	37.3	345.9	47.6	359.8	52.2	0.2	37.9	1.8	-999.00 	-999.00 	-999.00 	-999.00 
20130319	10000	-999.00 	-999.00 	-999.00 	-999.00 	-999.00 	-999.00 	-999.00 	-999.00 	42.3	355.4	49.3	356.9	58.2	351.3	58.6	354.3	50.3	357.5	44.1	355.6	32.5	355.4	-999.00 	-999.00 	-999.00 	-999.00 
20130319	20000	-999.00 	-999.00 	-999.00 	-999.00 	-999.00 	-999.00 	-999.00 	-999.00 	51.7	358.1	47.9	2.6	53.5	3	53.6	357.6	45.2	350.7	34.1	339.6	29.8	337.1	-999.00 	-999.00 	-999.00 	-999.00 
20130319	30000	-999.00 	-999.00 	-999.00 	-999.00 	-999.00 	-999.00 	-999.00 	-999.00 	42.4	1.8	31.9	10.3	32.1	357.3	30.3	351.7	25.2	349.9	26	326.6	20.9	339.2	-999.00 	-999.00 	-999.00 	-999.00 
20130319	40000	-999.00 	-999.00 	-999.00 	-999.00 	-999.00 	-999.00 	-999.00 	-999.00 	16.4	21.9	8.3	115	9	84.3	11.2	46.1	20.4	9.6	21.6	358.9	21.2	333.9	-999.00 	-999.00 	-999.00 	-999.00 
20130319	50000	-999.00 	-999.00 	-999.00 	-999.00 	-999.00 	-999.00 	-999.00 	-999.00 	8.9	18.4	13	236.3	6.3	208.6	6.1	174.4	2.9	56.3	11	13.7	7.9	36.7	-999.00 	-999.00 	-999.00 	-999.00 
20130319	60000	-999.00 	-999.00 	-999.00 	-999.00 	-999.00 	-999.00 	-999.00 	-999.00 	9.7	228.8	19.7	206.6	10.2	225	6.3	167.1	12.5	173.1	9.4	173.9	9.8	97	-999.00 	-999.00 	-999.00 	-999.00 
20130319	70000	-999.00 	-999.00 	-999.00 	-999.00 	-999.00 	-999.00 	-999.00 	-999.00 	8.5	285	22.8	186.8	26.1	190.2	19.6	163.1	6.4	212.9	13.4	273.4	4.5	233.1	-999.00 	-999.00 	-999.00 	-999.00 
20130319	80000	-999.00 	-999.00 	-999.00 	-999.00 	-999.00 	-999.00 	-999.00 	-999.00 	12	283	11.3	194.9	20.7	166.9	23.1	170.1	10.3	173.8	2.2	185.2	2.9	354.1	-999.00 	-999.00 	-999.00 	-999.00 
20130319	90000	-999.00 	-999.00 	-999.00 	-999.00 	-999.00 	-999.00 	-999.00 	-999.00 	19.6	319.3	4.8	184.8	15.8	180	6.2	244.3	3.6	305.9	21.2	338.8	22.6	329.1	-999.00 	-999.00 	-999.00 	-999.00 
20130319	100000	-999.00 	-999.00 	-999.00 	-999.00 	-999.00 	-999.00 	-999.00 	-999.00 	26.6	350.9	15.9	322.9	9.6	346.1	11.6	328.4	27.1	337.7	38.2	346.7	36.3	352.9	-999.00 	-999.00 	-999.00 	-999.00 
20130319	110000	-999.00 	-999.00 	-999.00 	-999.00 	-999.00 	-999.00 	-999.00 	-999.00 	45.5	353.9	36.7	342.7	45	352.5	52.2	350.8	45.2	347.8	40.2	351	38.5	350	-999.00 	-999.00 	-999.00 	-999.00 
20130319	120000	-999.00 	-999.00 	-999.00 	-999.00 	-999.00 	-999.00 	103.5	352	70.1	353.1	64.1	350.1	56	352.5	57.3	350.6	48.5	345.9	40.5	343.5	35	347.6	-999.00 	-999.00 	-999.00 	-999.00 
20130319	130000	-999.00 	-999.00 	-999.00 	-999.00 	-999.00 	-999.00 	87.2	353.8	56	351.7	48.1	353.1	46.4	353.6	43.8	355	37.3	346.7	32.3	345.5	32.3	342.5	-999.00 	-999.00 	-999.00 	-999.00 
20130319	140000	-999.00 	-999.00 	-999.00 	-999.00 	-999.00 	-999.00 	68.6	0	35.8	2.2	33.2	1.4	22.9	4.8	22.2	23.1	21.8	7.7	17.8	357.4	13.3	311.4	-999.00 	-999.00 	-999.00 	-999.00 
20130319	150000	-999.00 	-999.00 	-999.00 	-999.00 	-999.00 	-999.00 	21.6	12.6	14.9	79.1	12.4	75.1	5.2	35.5	4.5	358.7	4.9	125	9.1	184.4	4.7	171.3	-999.00 	-999.00 	-999.00 	-999.00 
20130319	160000	-999.00 	-999.00 	-999.00 	-999.00 	-999.00 	-999.00 	-999.00 	-999.00 	37.9	155.2	24	150	16.3	169.4	12.2	162.3	14	173	17.7	191.4	17.8	202.8	-999.00 	-999.00 	-999.00 	-999.00 
20130319	170000	-999.00 	-999.00 	-999.00 	-999.00 	-999.00 	-999.00 	-999.00 	-999.00 	36.4	136.1	35.2	154.1	30.1	172.5	19.7	200.2	20.6	189.8	23.9	187	15.8	190.6	-999.00 	-999.00 	-999.00 	-999.00 
20130319	180000	-999.00 	-999.00 	-999.00 	-999.00 	-999.00 	-999.00 	-999.00 	-999.00 	26.9	118.2	36	144.2	41	157.5	42.6	170.4	29	169.8	24	172.6	22.8	171.4	-999.00 	-999.00 	-999.00 	-999.00 
20130319	190000	-999.00 	-999.00 	-999.00 	-999.00 	-999.00 	-999.00 	-999.00 	-999.00 	66.6	165.5	71.9	166.8	67.5	169.2	66.3	176.6	58.4	180.5	47	173	37.7	173	-999.00 	-999.00 	-999.00 	-999.00 
20130319	200000	-999.00 	-999.00 	-999.00 	-999.00 	-999.00 	-999.00 	-999.00 	-999.00 	55.8	172.8	77.2	171	80.1	172.8	88.4	181.3	71.9	186.9	58.7	181.6	46.2	173	-999.00 	-999.00 	-999.00 	-999.00 
20130319	210000	-999.00 	-999.00 	-999.00 	-999.00 	-999.00 	-999.00 	-999.00 	-999.00 	61.4	178.8	78.1	177.9	81.5	174.7	85.2	178.7	87.4	178.8	74.2	171.9	54.2	155.9	-999.00 	-999.00 	-999.00 	-999.00 
20130319	220000	-999.00 	-999.00 	-999.00 	-999.00 	-999.00 	-999.00 	-999.00 	-999.00 	-999.00 	-999.00 	82.1	173	84.1	176	71.2	178.7	60.9	176.5	51	166.5	31.5	159.6	-999.00 	-999.00 	-999.00 	-999.00 
20130319	230000	-999.00 	-999.00 	-999.00 	-999.00 	-999.00 	-999.00 	-999.00 	-999.00 	-999.00 	-999.00 	46	183.2	52.4	181.4	49.2	183.2	38.5	167.3	25.1	137.6	20.3	130.6	-999.00 	-999.00 	-999.00 	-999.00 
20130320	00000	-999.00 	-999.00 	-999.00 	-999.00 	-999.00 	-999.00 	-999.00 	-999.00 	18.7	264.5	23.3	204.9	30.7	212.5	32.6	205.5	21	205.7	7.8	211.8	4.9	35.9	-999.00 	-999.00 	-999.00 	-999.00 
20130320	10000	-999.00 	-999.00 	-999.00 	-999.00 	-999.00 	-999.00 	-999.00 	-999.00 	27.1	334.4	12.6	342.4	16.2	302.1	12.1	250.2	4.7	311.5	15.3	4.1	21.3	16.9	-999.00 	-999.00 	-999.00 	-999.00 
20130320	20000	-999.00 	-999.00 	-999.00 	-999.00 	-999.00 	-999.00 	-999.00 	-999.00 	26.7	353.3	22.7	343.9	13.7	334.6	21.3	1.9	36.5	3.5	36.6	4.2	28	343	-999.00 	-999.00 	-999.00 	-999.00 
20130320	30000	-999.00 	-999.00 	-999.00 	-999.00 	-999.00 	-999.00 	-999.00 	-999.00 	28.9	349.2	21.1	349.1	19.3	6.8	24.9	1.8	35.5	350.6	44.4	347.1	38.9	349.3	-999.00 	-999.00 	-999.00 	-999.00 
20130320	40000	-999.00 	-999.00 	-999.00 	-999.00 	-999.00 	-999.00 	-999.00 	-999.00 	13.8	353.8	12.1	357.6	14.3	38.5	30.2	8.6	49.9	1.5	46	354.8	37.4	350.1	-999.00 	-999.00 	-999.00 	-999.00 
20130320	50000	-999.00 	-999.00 	-999.00 	-999.00 	-999.00 	-999.00 	-999.00 	-999.00 	9.1	353	1.3	157.4	7.9	46.5	21.1	5.4	29.4	341.1	27.8	343.1	14.6	343.3	-999.00 	-999.00 	-999.00 	-999.00 
20130320	60000	-999.00 	-999.00 	-999.00 	-999.00 	-999.00 	-999.00 	-999.00 	-999.00 	4.7	328	11.2	190.8	12.5	151.4	3.7	69.6	15.5	358.1	22.3	0.3	18.8	350.8	-999.00 	-999.00 	-999.00 	-999.00 
20130320	70000	-999.00 	-999.00 	-999.00 	-999.00 	-999.00 	-999.00 	-999.00 	-999.00 	9	182.5	20	172.2	20	188.6	13.4	173.1	8.7	102	15.4	359.6	17.5	2.9	-999.00 	-999.00 	-999.00 	-999.00 
20130320	80000	-999.00 	-999.00 	-999.00 	-999.00 	-999.00 	-999.00 	-999.00 	-999.00 	11.4	160.4	23.7	167.8	17.3	179.3	14.1	191.1	3.1	204.9	12.5	344.7	12.4	354.9	-999.00 	-999.00 	-999.00 	-999.00 
20130320	90000	-999.00 	-999.00 	-999.00 	-999.00 	-999.00 	-999.00 	-999.00 	-999.00 	11.1	163.2	23.6	153.5	18.4	173.1	15.3	180	8.4	198	12.7	344.4	19.1	3.6	-999.00 	-999.00 	-999.00 	-999.00 
20130320	100000	-999.00 	-999.00 	-999.00 	-999.00 	-999.00 	-999.00 	-999.00 	-999.00 	8.1	152.8	12	144.5	10.5	170.7	6.7	228	12.4	333.2	26.3	345.9	21.9	350.3	-999.00 	-999.00 	-999.00 	-999.00 
20130320	110000	-999.00 	-999.00 	-999.00 	-999.00 	-999.00 	-999.00 	-999.00 	-999.00 	7.8	166	5.1	208.1	5	245	11.8	305.7	20.1	358	33.7	6	27	354.3	-999.00 	-999.00 	-999.00 	-999.00 
20130320	120000	-999.00 	-999.00 	-999.00 	-999.00 	-999.00 	-999.00 	-999.00 	-999.00 	8.6	326.9	10.2	343	16	353.5	32.2	358.8	50.1	353.8	45	351.1	33.7	348.9	-999.00 	-999.00 	-999.00 	-999.00 
20130320	130000	-999.00 	-999.00 	-999.00 	-999.00 	-999.00 	-999.00 	-999.00 	-999.00 	17	356.6	29	1.8	42.9	355.3	54.7	348	53.3	354.6	57.5	357.3	42.3	355.7	-999.00 	-999.00 	-999.00 	-999.00 
20130320	140000	-999.00 	-999.00 	-999.00 	-999.00 	-999.00 	-999.00 	-999.00 	-999.00 	42.1	1.5	47.2	358.4	50.7	5.2	40.2	7.7	35.5	354.7	30.2	338	27	338.9	-999.00 	-999.00 	-999.00 	-999.00 
20130320	150000	-999.00 	-999.00 	-999.00 	-999.00 	-999.00 	-999.00 	-999.00 	-999.00 	9.8	16.6	25.1	20.7	38.5	11.7	26.8	3.9	28.9	356.2	22.9	333	20.8	322.8	-999.00 	-999.00 	-999.00 	-999.00 
20130320	160000	-999.00 	-999.00 	-999.00 	-999.00 	-999.00 	-999.00 	-999.00 	-999.00 	22.6	180.3	10	191.5	8.1	94.9	15.9	20.6	16.7	14.5	17.2	335.7	12	349.9	-999.00 	-999.00 	-999.00 	-999.00 
20130320	170000	-999.00 	-999.00 	-999.00 	-999.00 	-999.00 	-999.00 	-999.00 	-999.00 	24.6	142.8	29.7	157.8	20	174.3	14.4	132.5	2.9	194	2.8	16.5	3.6	252.1	-999.00 	-999.00 	-999.00 	-999.00 
20130320	180000	-999.00 	-999.00 	-999.00 	-999.00 	-999.00 	-999.00 	-999.00 	-999.00 	37.8	164.3	42.7	158.7	31.8	156.3	24.2	144.7	18.3	157.5	15.2	159.5	12	136.7	-999.00 	-999.00 	-999.00 	-999.00 
20130320	190000	-999.00 	-999.00 	-999.00 	-999.00 	-999.00 	-999.00 	-999.00 	-999.00 	45	170	57	163.7	44.5	164	33.9	164.6	32.6	163.8	27.4	165.2	23.8	153.5	-999.00 	-999.00 	-999.00 	-999.00 
20130320	200000	-999.00 	-999.00 	-999.00 	-999.00 	-999.00 	-999.00 	-999.00 	-999.00 	59.9	180.2	66.4	174.6	66	166.2	59	159.4	50.2	159	39.1	155.9	31.6	157.5	-999.00 	-999.00 	-999.00 	-999.00 
20130320	210000	-999.00 	-999.00 	-999.00 	-999.00 	-999.00 	-999.00 	-999.00 	-999.00 	64.9	182.4	79.6	170.5	76	169.6	68.3	171.2	56.3	171.6	39	157.5	26.2	154.4	-999.00 	-999.00 	-999.00 	-999.00 
20130320	220000	-999.00 	-999.00 	-999.00 	-999.00 	-999.00 	-999.00 	-999.00 	-999.00 	-999.00 	-999.00 	86.6	174.1	74	171.5	70.1	171	62.3	177.2	49.5	170.3	39	158.6	-999.00 	-999.00 	-999.00 	-999.00 
20130320	230000	-999.00 	-999.00 	-999.00 	-999.00 	-999.00 	-999.00 	-999.00 	-999.00 	-999.00 	-999.00 	82	176.6	76.7	176.9	61.1	176.2	51.4	171.3	39.8	157.6	23.2	158.3	-999.00 	-999.00 	-999.00 	-999.00 
20130321	00000	-999.00 	-999.00 	-999.00 	-999.00 	-999.00 	-999.00 	-999.00 	-999.00 	-999.00 	-999.00 	62.4	186.6	58.3	190.8	40.1	187.8	21.2	185.7	16	176.4	9.8	134.6	-999.00 	-999.00 	-999.00 	-999.00 
