2.282351273
2.386398401
2.41594004
2.377850678
2.30158993
2.229341045
2.204661467
2.26735013
2.433999152
2.670719884
2.901481106
3.058139464
3.116035631
3.078906675
2.949018873
2.726773941
2.428543106
2.092639801
1.77545408
1.54625598
1.46527659
1.544465874
1.732653237
1.951704643
2.145221869
2.289291181
2.37390734
2.395655648
2.366202612
2.312882281
2.269902552
2.274003278
2.356326642
2.518703428
2.7181832
2.890197993
2.99084319
3.010326294
2.951813995
2.814404802
2.600039739
2.325866163
2.027558805
1.758758383
1.582753389
1.544442902
1.638915125
1.813591709
2.006147593
2.176610557
2.306909409
2.387384977
2.415340038
2.400383618
2.363343611
2.332637484
2.341407264
2.414633094
2.547328656
2.699689825
2.822715212
2.888052292
2.890663241
2.831017343
2.705704089
2.514794699
2.272207919
2.010737967
1.78145593
1.640902385
1.623512122
1.719501688
1.88293351
2.063163785
2.227332633
2.358542632
2.445745431
2.482729544
2.473291153
2.433456835
2.390203992
2.376286731
2.416103713
2.507816019
2.620834241
2.716346194
2.770715359
2.778010225
2.735640154
2.636169648
2.474909064
2.262212432
2.029155965
1.824499984
1.701217869
1.692640864
1.792674599
1.960521605
2.147946549
2.321728341
2.463093655
2.556915135
2.591121477
2.565424893
2.495860305
2.412043521
2.351025796
2.344698892
2.400925522
2.495628045
2.590125793
2.657490906
2.688495927
2.676453441
2.608161301
2.474119051
2.282769155
2.064610656
1.86873226
1.752074037
1.755126119
1.87581401
2.070089854
2.282966743
2.47602574
2.62625441
2.713294256
2.721327344
2.650932509
2.522636368
2.522636368
2.522636368
2.522636368
2.522636368
2.522636368
2.522636368
2.522636368
2.522636368
2.522636368
2.522636368
2.522636368
2.522636368
2.522636368
2.522636368
2.522636368
