1.89
1.46
1.09
0.89
0.96
1.24
1.59
1.9
2.12
2.25
2.27
2.2
2.02
1.78
1.53
1.43
1.55
1.9
2.33
2.74
2.96
2.99
2.9
2.65
2.28
1.81
1.39
1.11
1.05
1.24
1.58
1.9
2.14
2.4
2.59
2.59
2.45
2.14
1.78
1.53
1.58
1.86
2.2
2.56
2.88
3.13
3.26
3.21
2.91
2.41
1.86
1.45
1.27
1.39
1.71
2.04
2.33
2.57
2.73
2.77
2.64
2.38
2.02
1.63
1.38
1.4
1.7
2.12
2.52
2.84
2.99
2.94
2.79
2.49
2.06
1.6
1.23
1.08
1.3
1.71
2.1
2.43
2.6
2.62
2.55
2.32
1.99
1.61
1.31
1.14
1.25
1.63
2.06
2.43
2.68
2.74
2.67
2.48
2.2
1.83
1.48
1.26
1.34
1.69
2.13
2.41
2.6
2.78
2.86
2.78
2.54
2.14
1.75
1.5
1.54
1.74
2.02
2.29
2.58
2.84
2.99
2.97
2.75
2.39
2
1.71
1.72
1.94
2.23
2.52
2.76
2.93
3.01
2.97
2.78
2.48
2.07
1.68
1.48
1.51
1.75
2.04
2.32
2.52
2.63
2.67
2.58
2.39
2.09
1.82
1.66
1.68
1.93
2.28
2.6
2.8
2.85
2.81
2.72
2.51
2.22
1.88
1.56
1.37
1.49
1.72
2
2.24
2.38
2.41
2.36
2.24
2.07
1.92
1.8
1.78
1.92
2.19
2.53
2.8
2.89
2.84
2.73
2.59
2.38
2.12
1.83
1.55
1.45
1.53
1.74
1.95
2.1
2.18
2.18
2.17
2.08
2
1.94
1.89
1.91
2.13
2.35
2.57
2.75
2.78
2.67
2.55
2.4
2.23
2.02
1.75
1.54
1.4
1.45
1.58
1.77
1.9
1.97
1.99
2.02
1.98
1.94
1.93
1.92
2
2.16
2.35
2.57
2.68
2.68
2.64
2.5
2.43
2.23
1.99
1.74
1.55
1.41
1.43
1.56
1.7
1.79
1.87
1.9
1.93
1.94
1.98
1.99
2
2.06
2.15
2.3
2.45
2.55
2.55
2.52
2.48
2.36
2.16
1.93
1.71
1.51
1.38
1.38
